0.035417
0.076421
0.054299
0.120395
0.076304
0.098043
0.078251
0.113053
0.131471
0.112829
0.062241
0.098876
0.102364
0.088814
0.126478
0.056062
0.122653
0.130588
0.079697
0.042983
0.092516
0.029097
0.071045
0.196893
0.069928
0.135047
0.095304
0.025406
0.068914
0.115148
0.122397
0.058279
0.101196
0.312088
0.153144
0.084517
0.022168
0.048338
0.067455
0.0661
0.212962
0.069526
0.123016
0.111379
0.093546
0.479509
0.030998
0.097871
0.118784
0.055643
0.049131
0.192998
0.127224
0.316228
0.145366
0.123537
0.097283
0.099142
0.065368
0.156317
0.094774
0.05076
0.057723
0.107583
0.154933
0.083775
0.184373
0.061599
0.031489
0.070708
0.204602
0.047247
0.076656
0.153844
0.14774
0.041234
0.052428
0.063658
0.028996
0.273948
0.085306
0.124349
0.051763
0.147139
0.144423
0.061502
0.053709
0.054135
0.086684
0.184743
0.082052
0.114278
0.228661
0.055248
0.101573
0.069503
0.092789
0.185306
0.093283
0.111519
0.023474
0.05569
0.060892
0.088823
0.052262
0.179982
0.094059
0.113977
0.181221
0.069972
0.1806
0.0832
0.119986
0.102983
0.097034
0.093831
0.033294
0.132838
0.067476
0.060392
0.144805
0.039707
0.040911
0.09008
0.074789
0.058105
0.091015
0.074468
0.082264
0.120156
0.058401
0.083328
0.030495
0.141952
0.05864
0.112496
0.149134
0.029494
0.019618
0.121706
0.050313
0.083177
0.080843
0.068344
0.042122
0.101952
0.13286
0.060468
0.046369
0.085199
0.068614
0.049782
0.395476
0.085778
0.085574
0.058202
0.119984
0.123611
0.068282
0.061062
0.114169
0.07604
0.106993
0.069641
0.058129
0.102502
0.041576
0.075505
0.086807
0.13249
0.084519
0.122084
0.022737
0.068086
0.061247
0.123079
0.064823
0.059333
0.057454
0.175052
0.051344
0.177497
0.117887
0.038848
0.242122
0.098089
0.088791
0.08088
0.076262
0.133585
0.048137
0.031403
0.132251
0.084563
0.067354
0.080689
0.035124
0.222477
0.042401
0.10428
0.125584
0.094744
0.081542
0.141053
0.105242
0.062125
0.046624
0.139764
0.110846
0.110984
0.04775
0.079208
0.072282
0.113064
0.128225
0.05466
0.060905
0.050755
0.039719
0.053325
0.035127
0.089575
0.142554
0.025825
0.106482
0.063618
0.06286
0.041071
0.068246
0.104053
0.075852
0.110284
0.178333
0.051001
0.073568
0.064164
0.102139
0.39979
0.061575
0.110537
0.175211
0.175209
0.090109
0.078473
0.111583
0.029977
0.124149
0.03589
0.065921
0.034309
0.084671
0.016758
0.108309
0.081808
0.137587
0.061777
0.107044
0.061657
0.058782
0.031579
0.142454
0.126021
0.160301
0.037354
0.055244
0.04905
0.076317
0.048074
0.081354
0.037669
0.095768
0.028889
0.061333
0.023914
0.033114
0.100155
0.162169
0.161505
0.104465
0.089269
0.092927
0.130444
0.069419
0.108905
0.024518
0.124449
0.142337
0.042511
0.155997
0.039497
0.14495
0.175369
0.058162
0.122652
0.057037
0.049533
0.097987
0.061015
0.166971
0.051092
0.447965
0.121353
0.031181
0.094591
0.049364
0.07137
0.114001
0.050658
0.06918
0.061201
0.064107
0.087515
0.163974
0.123472
0.112187
0.110843
0.116216
0.027388
0.045194
0.10445
0.0245
0.132997
0.062289
0.023943
0.071567
0.164056
0.150942
0.130187
0.060213
0.103497
0.145802
0.097179
0.051096
0.049094
0.089559
0.108458
0.276262
0.184123
0.115304
0.061413
0.087157
0.020397
0.174589
0.06128
0.107484
0.193954
0.040867
0.17475
0.119304
0.057626
0.017701
0.068215
0.036019
0.091464
0.050091
0.132986
0.179781
0.145348
0.123678
0.052288
0.033753
0.12622
0.077375
0.114381
0.099888
0.143041
0.058652
0.01917
0.033812
0.082218
0.061063
0.071869
0.092877
0.032182
0.066285
0.101644
0.061988
0.12247
0.065946
0.031206
0.029261
0.070902
0.039412
0.029677
0.040539
0.051146
0.063213
0.084916
0.098874
0.129023
0.1334
0.047537
0.060318
0.11043
0.074778
0.101519
0.032213
0.320057
0.103222
0.064613
0.142763
0.031242
0.123007
0.117855
0.060803
0.131063
0.122016
0.062558
0.054043
0.062808
0.068969
0.08424
0.140333
0.139148
0.081762
0.028335
0.140664
0.068036
0.037368
0.109587
0.078501
0.064552
0.031127
0.100364
0.021997
0.05437
0.071884
0.086298
0.121579
0.110163
0.049484
0.080924
0.072962
0.085825
0.075868
0.054119
0.088932
0.045331
0.116774
0.027791
0.177413
0.031805
0.131883
0.116712
0.101995
0.071617
0.068698
0.074048
0.097871
0.060839
0.087365
0.070025
0.198626
0.113404
0.14248
0.022564
0.041757
0.201728
0.023329
0.119998
0.041433
0.08812
0.040653
0.040112
0.041626
0.093014
0.073715
0.048914
0.113679
0.197232
0.127656
0.078197
0.040929
0.190761
0.110509
0.057984
0.117874
0.073507
0.032778
0.090428
0.100529
0.096265
0.048021
0.041242
0.038081
0.098994
0.042471
0.106206
0.137356
0.066309
0.099889
0.045667
0.134045
0.081349
0.078203
0.075327
0.080827
0.073253
0.100196
0.056154
0.088331
0.063288
0.115684
0.023332
0.021823
0.107714
0.066481
0.036043
0.076183
0.034585
0.143173
0.057226
0.051572
0.051832
0.107417
0.128479
0.099026
0.066318
0.065886
0.125804
0.051936
0.11825
0.067734
0.110811
0.066344
0.057585
0.073936
0.163537
0.066987
0.067469
0.102429
0.084927
0.060751
0.045667
0.147158
0.049601
0.055794
0.056317
0.083406
0.028993
0.074296
0.053782
0.044506
0.049214
0.093715
0.162036
0.023057
0.143916
0.143346
0.149558
0.07564
0.096905
0.053628
0.099989
0.143665
0.02486
0.038626
0.152318
0.068942
0.12061
0.065292
0.088558
0.108524
0.146957
0.127891
0.077425
0.093391
0.038004
0.072687
0.078757
0.05024
0.060239
0.049544
0.059186
0.020424
0.112
0.07296
0.05625
0.124251
0.020818
0.08228
0.031341
0.043759
0.100103
0.08367
0.095593
0.067669
0.104131
0.103144
0.177453
0.083501
0.089134
0.171926
0.044458
0.070625
0.138336
0.1392
0.034948
0.058272
0.1549
0.067559
0.061587
0.017869
0.142848
0.09389
0.179956
0.054614
0.091042
0.158562
0.096988
0.040709
0.139204
0.124069
0.065324
0.045493
0.19007
0.036318
0.084044
0.105244
0.084804
0.074118
0.028312
0.327107
0.11446
0.098531
0.089238
0.113709
0.035344
0.060836
0.100361
0.148165
0.101565
0.083245
0.133654
0.08699
0.109619
0.091936
0.043839
0.108463
0.034231
0.077079
0.111868
0.17035
0.14309
0.07854
0.083274
0.146667
0.120212
0.039085
0.050636
0.039255
0.066385
0.137417
0.082913
0.090189
0.032534
0.213498
0.085668
0.060294
0.052752
0.108466
0.051875
0.123786
0.171546
0.039753
0.085613
0.06831
0.059808
0.058298
0.162937
0.084203
0.073065
0.06572
0.059578
0.048969
0.126953
0.038587
0.070954
0.075141
0.089674
0.03967
0.039055
0.065585
0.033364
0.073703
0.085561
0.051859
0.074819
0.150265
0.039405
0.038945
0.103553
0.023929
0.06039
0.055513
0.031501
0.016712
0.041318
0.032149
0.086996
0.059425
0.106566
0.121599
0.163685
0.097412
0.021171
0.087486
0.061212
1.069859
0.071145
0.02647
0.120196
0.160784
0.054467
0.125176
0.129112
0.083372
0.03235
0.134306
0.113067
0.050407
0.037604
0.114133
0.082336
0.12154
0.039604
0.119143
0.113473
0.099828
0.090658
0.139341
0.059752
0.050307
0.017116
0.056504
0.042556
0.054042
0.031274
0.057071
0.113305
0.030749
0.106509
0.094441
0.112424
0.065114
0.147643
0.059403
0.064804
0.03222
0.045683
0.039292
0.047478
0.060542
0.047324
0.062062
1.129425
0.083035
0.108713
0.112845
0.100214
0.091055
0.033426
0.080706
0.226113
0.100254
0.07643
0.160993
0.06773
0.145825
0.125394
0.069359
0.048685
0.074786
0.25428
0.129138
0.054826
0.165457
0.06543
0.019359
0.102131
0.112454
0.030494
0.187117
0.091068
0.170235
0.045944
0.084716
0.100738
0.119771
0.032473
0.144872
0.03049
0.118716
0.258247
0.069729
0.068459
0.063024
0.150086
0.078916
0.115785
0.129259
0.03047
0.088395
0.127515
0.062938
0.061112
0.062676
0.115261
0.076364
0.024293
0.058088
0.051658
0.082039
0.102569
0.086149
0.152075
0.054812
0.047151
0.188854
0.058369
0.113308
0.02104
0.02138
0.078172
0.065356
0.106721
0.052136
0.070865
0.098633
0.02921
0.132781
0.070513
0.136716
0.034148
0.067169
0.189616
0.073953
0.076942
0.151103
0.028142
0.105794
0.055598
0.168368
0.060757
0.026567
0.220824
0.092914
0.09792
0.192053
0.027127
0.074095
0.02297
0.039238
0.066449
0.040269
0.028562
0.118406
0.058475
0.045095
0.057309
0.129677
0.041775
0.053909
0.108425
0.081786
0.092725
0.219966
0.120238
0.096461
0.06994
0.099382
0.088432
0.15552
0.136942
0.172204
0.072625
0.057512
0.131939
0.093811
0.056561
0.059411
0.118098
0.109911
0.047812
0.129641
0.069049
0.059196
0.084771
0.189597
0.06992
0.111947
0.128875
0.142965
0.122621
0.10363
0.172381
0.082079
0.062072
0.149389
0.072155
0.109028
0.081758
0.02575
0.061542
0.053604
0.101601
0.075269
0.180405
0.061852
0.225967
0.136922
0.030214
0.174801
0.280674
0.172141
0.071639
0.036618
0.052253
0.083578
0.1414
0.161007
0.086742
0.082227
0.187363
0.078664
0.081753
0.025389
0.151498
0.102167
0.11038
0.082298
0.086448
0.089462
0.091694
0.137245
0.10647
0.101001
0.149144
0.069007
0.061866
0.160721
0.046282
0.142222
0.119724
0.171308
0.055469
0.043018
0.107697
0.077212
0.073282
0.136732
0.098537
0.122992
0.051262
0.064465
0.156218
0.069576
0.065336
0.05267
0.085141
0.13278
0.085945
0.112164
0.077691
0.086447
0.066776
0.133535
0.061349
0.084832
0.081256
0.044548
0.095731
0.075177
0.074723
0.072505
0.083212
0.050292
0.051801
0.045768
0.112961
0.141065
0.093065
0.105583
0.133322
0.039904
0.136647
0.115666
0.230888
0.081493
0.054294
0.081281
0.054006
0.059566
0.151674
0.053423
0.047002
0.063572
0.079349
0.051289
0.102551
0.085535
0.709196
0.085284
0.103024
0.060463
0.148094
0.057538
0.095088
0.103781
0.12435
0.123836
0.163278
0.087648
0.08357
0.06172
0.075234
0.082709
0.059364
0.06088
0.052059
0.066195
0.034124
0.037948
0.021119
0.083372
0.055984
0.087007
0.069386
0.022068
0.018777
0.062248
0.040595
0.095639
0.070827
