0.653681
0.320964
0.564876
0.447929
0.4229
0.464951
0.351602
0.568197
0.35375
0.489955
0.537009
0.52189
0.458814
0.599421
0.497169
0.424301
0.422109
0.424193
0.551739
0.506009
0.517239
0.461838
0.430027
0.575299
0.441728
0.533615
0.51149
0.450317
0.387052
0.432887
0.383173
0.368893
0.833773
0.492741
0.433806
0.394686
0.4797
0.460988
0.398797
0.457332
0.39998
0.572154
0.469429
0.553107
0.51229
0.372565
0.431137
0.394238
0.49135
0.398741
0.466471
0.558306
0.435688
0.471981
0.400183
0.52075
0.458447
0.362084
0.492024
0.432885
0.39171
0.513136
0.458078
0.394146
0.50204
0.379697
0.381876
0.425905
0.468035
0.621617
0.482004
0.570527
0.444234
0.519942
0.428045
0.449552
0.385231
0.460234
0.503461
0.422979
0.48925
0.446009
0.447828
0.433355
0.467309
0.46886
0.472596
0.449176
0.413496
0.82194
0.548302
0.372984
0.461758
0.479714
0.412859
0.5142
0.363986
0.503777
1.176476
0.392369
0.444933
0.404597
0.640225
0.444762
0.517707
0.624009
0.407343
0.353579
0.421668
0.47343
0.510925
0.351846
0.521563
0.404344
0.442421
0.415723
0.514158
0.471338
0.456448
0.474691
0.412424
0.446066
0.576556
0.393933
0.48941
0.464433
0.482339
0.441193
0.545448
0.404205
0.548513
0.41403
0.426664
0.410751
0.398155
0.504508
0.405537
0.457979
0.41079
0.426699
0.554234
0.516255
0.407209
0.497818
0.473919
0.435158
0.483269
0.433171
0.41553
0.511997
0.433605
0.513072
0.529052
0.465254
0.490286
0.440475
0.550536
0.447767
0.451189
0.561894
0.485986
0.398853
0.396572
0.450722
0.463438
0.436977
0.420403
0.471565
0.583866
0.464087
0.413286
0.460363
0.421376
0.557257
0.463054
0.463487
0.476683
0.498462
0.464022
0.452634
0.352723
0.478962
0.458903
0.483763
0.470423
0.527248
0.407699
0.399486
0.395634
0.444026
0.385008
0.479459
0.534104
0.490371
0.405994
0.388552
0.470715
0.474872
0.463294
0.816531
0.422894
0.356679
0.429818
0.4641
0.600284
0.438525
0.408352
0.52578
0.506342
0.398596
0.447224
0.522434
0.432723
0.404247
0.422307
0.486353
0.411938
0.438215
0.428804
0.50503
0.408339
0.484247
0.407713
0.420838
0.506751
0.543049
0.50707
0.52495
0.513987
0.433802
0.590646
0.415742
0.506161
0.343145
0.445884
0.43661
0.566581
0.393534
0.48867
0.380354
0.504867
0.385939
0.482183
0.445875
0.394566
0.500537
0.377911
0.468842
0.423371
0.388399
0.839357
0.415839
0.402849
0.449996
0.475596
0.442934
0.565436
0.434229
0.425802
0.412937
0.408316
0.427613
0.451765
0.452311
0.373391
0.343614
0.535212
0.769327
0.383111
0.431377
0.404404
0.38045
0.409534
0.47368
0.458654
0.485533
0.583792
0.433423
0.437903
0.363523
0.455653
0.436397
0.518076
0.411491
0.371094
0.479959
0.464155
0.492494
0.448738
0.51573
0.448615
0.492716
0.545441
0.39355
0.543729
0.548876
0.480095
0.463577
0.526798
65.404291
0.517131
0.377643
0.457082
0.597485
0.433483
0.333756
0.394545
0.527346
0.412386
0.421026
0.402078
0.455629
0.434106
0.433202
0.366689
0.439454
0.413476
0.526219
0.451341
0.398458
0.44153
0.343145
0.402992
0.484701
0.402704
0.367978
0.475249
0.43549
0.515686
0.392771
0.612808
0.402976
0.457135
0.424064
0.426533
0.453994
0.430824
0.424328
0.416907
0.446664
0.442348
0.506321
0.355458
0.415167
0.471273
0.384999
0.604005
0.436632
0.447628
0.378637
0.49427
0.343416
0.510188
0.434597
0.378734
0.4238
0.293646
0.370623
0.397563
0.424151
0.372096
0.437593
0.332265
0.527263
0.43236
0.470802
0.427233
0.478188
0.380626
0.426357
0.398037
0.458388
0.486833
0.427502
0.404788
0.430291
0.492757
0.339291
0.406127
0.438198
0.398214
0.365434
0.367295
0.393802
0.453817
0.447715
0.436805
0.486953
0.410584
0.386094
0.52562
0.517463
0.601223
0.42164
0.431516
0.594995
0.553053
0.450567
0.356078
0.511371
0.292941
0.419884
0.535662
0.457509
0.36311
0.47221
0.386506
0.409318
0.408009
0.497268
0.432582
0.394307
0.577306
0.434119
0.467221
0.444921
0.438101
0.520666
0.496395
0.516262
0.403957
0.396055
0.394276
0.436083
0.414386
0.33619
0.343829
0.395916
0.522918
0.417298
0.463208
0.381909
0.432519
0.430567
0.442394
0.613893
0.41117
0.607056
0.442307
0.498192
0.535418
0.521938
0.383145
0.505366
0.394101
0.423038
0.533764
0.48311
0.4365
0.389979
0.351014
0.407427
0.560579
0.365733
0.441843
0.384062
0.42992
0.504627
0.442731
0.415803
0.405777
0.394146
0.360971
0.362824
0.504022
0.473814
0.475114
0.413588
0.466896
0.370055
0.555981
0.536745
0.436535
0.334129
0.532136
0.452061
0.527542
0.516089
0.510417
0.423921
0.482042
0.362731
0.449466
0.40884
0.346301
0.445857
0.46873
0.400258
0.409079
0.38752
0.408414
0.399339
0.466423
0.393283
0.507562
0.514787
0.533471
0.429556
0.409958
0.588112
0.431873
1.818099
0.373732
0.404205
0.500476
0.500532
0.664823
0.369681
0.38118
0.386771
0.440326
0.425165
0.472407
0.411575
0.500407
0.339585
0.318427
0.424901
0.318968
0.483057
0.348394
0.46895
0.396808
0.479105
0.408571
0.38276
0.494197
0.604056
0.505614
0.445282
0.380404
0.346756
0.464266
0.413526
0.457876
0.368633
0.480946
0.5913
0.504123
0.443974
0.451413
0.707944
0.395491
0.332719
0.433517
0.442696
0.426753
0.402996
0.427061
0.485885
0.407239
0.342183
0.469212
0.379837
0.454966
0.42884
0.51248
0.446542
0.421688
0.523924
0.395412
0.489358
0.426735
0.50937
0.386832
0.394557
0.355124
0.354259
0.435131
0.477375
0.343577
0.497609
0.43296
0.479929
0.549147
0.343551
0.441949
0.463972
0.380538
0.506193
0.405325
0.472414
0.544638
0.383131
0.416248
0.32403
0.553818
0.372767
0.441743
0.392924
0.452742
0.361722
0.431541
0.416535
0.414458
0.48771
0.483615
0.398423
0.358576
0.459505
0.46136
0.448083
0.419562
0.405989
0.521462
0.555549
0.786418
0.514685
0.372235
0.486733
0.460969
0.475028
0.363788
0.509224
0.553868
0.377971
0.401745
0.427603
0.375467
0.51192
0.42983
0.363104
0.480111
0.488931
0.369611
0.365973
0.431712
0.394642
0.416034
0.431525
0.365362
0.430357
0.423629
0.446777
0.441959
0.573865
0.458854
0.553982
0.492939
0.397192
0.435343
0.504595
0.403956
0.402312
0.374154
0.499255
0.536744
0.680294
0.397024
0.450538
0.380883
0.417297
0.372232
0.465085
0.35546
0.49485
0.451047
0.490734
0.355444
0.52892
0.435125
0.420811
0.475836
0.472458
0.349906
0.536311
0.426466
0.404067
0.483541
0.410288
0.424025
0.368549
0.397685
0.3949
0.38952
0.522871
0.46835
0.549157
0.427545
0.422438
0.533972
0.38603
0.313798
0.573104
0.34913
0.458248
0.377667
0.475181
0.475758
0.490876
0.403244
0.389975
0.505692
0.536091
0.563998
0.373902
0.499571
0.497237
0.482015
0.417363
0.526691
0.42431
0.399296
0.395805
0.443664
0.439115
0.424445
0.512994
0.322647
0.337549
1.055862
0.510589
0.425723
0.40347
0.443055
0.341451
0.461341
0.442279
0.412156
0.470165
0.41234
0.498074
0.36514
0.410708
0.507418
0.458446
0.5174
0.48721
0.394686
0.463842
0.366847
0.453295
0.49743
0.343964
0.396305
0.568779
0.635201
0.402092
0.500979
0.527818
0.425215
0.481364
0.477619
0.482257
0.350728
0.466421
0.377979
0.443265
0.427001
0.39651
0.458574
0.436647
0.393108
0.443816
0.451666
0.405868
0.543369
0.424485
0.473941
0.405777
0.366962
0.366608
0.487157
0.474669
0.514882
0.528756
0.333851
0.546378
0.567286
0.454088
0.45697
0.456913
0.429694
0.568816
0.323565
0.504212
0.496365
0.460888
0.46162
0.48525
0.309945
0.499124
0.417638
0.562419
0.429527
0.507396
0.464717
0.460251
0.466212
0.576243
0.474876
0.515321
0.438776
0.508817
0.339409
0.474616
0.423247
0.517669
0.527978
0.435693
0.584442
0.425592
0.548394
0.425698
0.455205
0.416444
0.383581
0.460852
0.432093
0.539482
0.551008
0.584646
0.521335
0.494201
0.430731
0.381602
0.392802
0.466421
0.407332
0.506056
0.580557
0.442324
0.439518
0.47623
0.393462
0.496187
0.529663
0.450352
0.386867
0.530805
0.344916
0.466037
0.435074
0.491349
0.45597
0.441199
0.500118
0.551845
0.397022
0.554284
0.329859
0.43215
0.405873
0.462625
0.429001
0.560658
0.415079
0.368858
0.424043
0.410017
0.391858
0.357956
0.503277
0.456684
0.443115
0.482659
0.477202
0.426731
0.437508
0.396331
0.514314
0.372019
0.396633
0.59017
0.401536
0.458158
0.489158
0.413621
0.563684
0.557764
0.467927
0.479496
0.413826
0.439701
0.454562
0.461268
0.423158
0.547222
0.392225
0.439613
0.468103
0.41477
0.388234
0.400227
0.50681
0.535137
0.380308
0.416506
0.415897
0.693909
0.513717
0.394473
0.491324
0.398095
0.371966
0.439083
0.607395
0.463939
0.404535
0.393706
0.523933
0.323856
0.414276
0.418643
0.454598
0.41619
0.562411
0.43411
0.419549
0.502334
0.520004
0.754274
0.477359
0.465531
0.456706
0.479056
0.497235
0.465775
0.512423
0.433415
0.601216
0.533078
0.472987
0.438588
0.424028
0.516195
0.439366
0.403211
0.369456
0.514232
0.394648
0.433953
0.463713
0.432442
0.498968
0.426385
0.534308
0.456266
0.444142
0.421312
0.429492
0.407591
0.477202
0.363693
0.53625
0.454295
0.447193
0.472514
0.44171
0.46324
0.323723
0.402885
0.503699
0.405811
0.428582
0.387469
0.370117
0.415407
0.450086
0.435185
0.617325
0.413676
0.447421
0.565109
0.449792
0.532626
0.423593
0.605415
0.424852
0.353058
0.479454
0.505454
0.487628
0.320312
0.456993
0.497817
0.495203
0.64868
0.544797
0.525119
0.454627
0.450543
0.524812
0.502156
0.356876
0.405361
0.545405
0.426611
0.461925
0.364043
0.500622
0.508816
0.403568
0.48226
0.403986
0.473593
0.434373
0.593136
0.474203
0.41902
0.465694
0.413376
0.474697
0.475656
0.487356
0.361475
0.514591
0.391687
0.524875
0.414238
0.459205
0.972555
0.434747
0.434916
0.481125
0.550049
0.412979
0.47566
0.42176
0.441483
0.436306
0.335703
0.401851
0.546366
0.382026
0.510114
0.386192
0.48461
0.382126
0.467672
0.343626
0.456843
0.317466
