0.025593
0.022801
0.035067
0.027533
0.023514
0.020704
0.025097
0.01978
0.017929
0.016374
0.017605
0.028733
0.020914
0.019594
0.022745
0.021361
0.019127
0.023037
0.025473
0.026423
0.023045
0.023955
0.024155
0.019794
0.029536
0.028355
0.100813
0.020271
0.022575
0.015976
0.015492
0.023409
0.0176
0.08084
0.39024
0.026714
0.021635
0.022433
0.047418
0.026078
0.023505
0.054795
0.043965
0.321433
0.027816
0.023419
0.018787
0.022384
0.018434
0.019751
0.019243
0.024399
0.090876
0.016357
0.030261
0.024149
0.016836
0.084859
0.481863
0.023539
0.082137
0.021336
0.023922
0.021363
0.024366
0.015702
0.024702
0.023072
0.017381
0.020009
0.022886
0.03475
0.016997
0.017745
0.027664
0.015806
0.015561
0.020221
0.030441
0.016687
0.025186
0.513604
0.083847
0.020744
0.023149
0.015934
0.016501
0.022873
0.023867
0.018304
0.025662
0.025351
0.027874
0.023218
0.02379
0.021795
0.015767
0.017682
0.022081
0.018516
0.016898
0.027096
0.015315
0.016448
0.018024
0.026275
0.027692
0.020286
0.016924
0.027382
0.017699
0.020837
0.021541
0.079462
0.025389
0.020011
0.017863
0.020114
0.023574
0.017694
0.016151
0.024275
0.028253
0.01524
0.022971
0.029245
0.016619
0.025789
0.015399
0.017188
0.025169
0.023515
0.022075
0.022059
0.015525
0.021855
0.024977
0.016802
0.020332
0.017691
0.019779
0.022506
0.016555
0.020719
0.031376
0.022683
0.016248
0.024191
0.028434
0.03115
0.020103
0.019183
0.086424
0.025861
0.022812
0.034657
0.021655
0.029955
0.020877
0.022842
0.030183
0.027999
0.03204
0.01815
0.0164
0.025701
0.029176
0.025164
0.017469
0.016222
0.032072
0.083217
0.021715
0.030127
0.098048
0.022312
0.023048
0.627941
0.015557
0.018445
0.029835
0.022672
0.020134
0.017751
0.024775
0.023655
0.018924
0.018754
0.022797
0.018154
0.016539
0.022275
0.015132
0.017655
0.092506
0.052739
0.017608
0.019461
0.023163
0.016114
0.022188
0.021407
0.028788
0.026517
0.018776
0.026143
0.023484
0.020305
0.021614
0.027618
0.03457
0.017593
0.026642
0.019547
0.022974
0.018194
0.076047
0.034051
0.025873
0.020609
0.020288
0.016375
0.024246
0.020656
0.01674
0.031401
0.020008
0.027222
0.016842
0.018143
0.024545
0.027417
0.115517
0.019565
0.023071
0.028788
0.016607
0.017018
0.031956
0.043885
0.020567
0.018647
0.015483
0.024315
0.031695
0.067829
0.022713
0.015588
0.025619
0.0217
0.024521
0.032044
0.02536
0.022115
0.023694
0.025228
0.023198
0.02197
0.099316
0.018174
0.023279
0.021219
0.01906
0.016711
0.020863
0.025238
0.023799
0.018625
0.022998
0.027689
0.016477
0.021159
0.018382
0.454812
0.041631
0.016921
0.022961
0.016797
0.020479
0.029383
0.017074
0.018092
0.023929
0.018205
0.017894
0.027623
0.023357
0.031261
0.027114
0.017523
0.018194
0.025497
0.018189
0.016925
0.030667
0.01787
0.015618
0.024637
0.025294
0.023982
0.018248
0.026389
0.023098
0.101329
0.016103
0.024468
0.017294
0.017835
0.026924
0.020918
0.02479
0.026977
0.036703
0.032042
0.022876
0.017805
0.027197
0.023804
0.015957
0.027845
0.092025
0.017112
0.020848
0.019291
0.025243
0.026004
0.025908
0.021876
0.017025
0.025155
0.039903
0.035206
0.022813
0.020464
0.021885
0.030533
0.015716
0.027899
0.166909
0.023473
0.085188
0.019938
0.016202
0.020754
0.021675
0.017443
0.023703
0.022094
0.067264
0.023946
0.016202
0.023291
0.028892
0.023296
0.018823
0.020461
0.13188
0.030235
0.021321
0.021582
0.024374
0.030622
0.017878
0.148764
0.02077
0.053763
0.050531
0.128318
0.023228
0.110694
0.017701
0.028496
0.01711
0.017206
0.021797
0.033811
0.085309
0.017098
0.030211
0.023605
0.019688
0.021055
0.025402
0.030346
0.022543
0.026206
0.027569
0.021536
0.018377
0.02401
0.021286
0.01788
0.024377
0.104812
0.024805
0.025007
0.027333
0.024151
0.024515
0.022099
0.015786
0.017449
0.02918
0.017495
0.023763
0.021423
0.027499
0.0205
0.035133
0.01627
0.032042
0.021158
0.097476
0.028584
0.018581
0.015893
0.021667
0.017337
0.437599
0.02337
0.021976
0.0326
0.020766
0.032593
0.022846
0.0256
0.022435
0.020906
0.018608
0.022161
0.026237
0.022833
0.019382
0.016489
0.027006
0.021745
0.022308
0.044671
0.035751
0.01857
0.021627
0.021477
0.076291
0.02563
0.082625
0.025148
0.021131
0.031047
0.025369
0.021784
0.01896
0.017353
0.023186
0.031538
0.022697
0.02321
0.024794
0.021767
0.017361
0.022019
0.036063
0.024502
0.025615
0.107207
0.027247
0.016932
0.017608
0.016524
0.019353
0.027216
0.023495
0.522242
0.044267
0.02283
0.026335
0.015796
0.030844
0.025964
0.01987
0.025067
0.027011
0.016145
0.023199
0.027177
0.016915
0.017585
0.150529
0.028215
0.025537
0.334043
0.054083
0.093732
0.027209
0.060024
0.079166
0.026413
0.021479
0.020938
0.025973
0.025059
0.034314
0.019422
0.027077
0.027212
0.020714
0.028479
0.027707
0.045745
0.017604
0.017574
0.018419
0.020653
0.092228
0.017787
0.017238
0.0305
0.017525
0.023026
0.020389
0.015888
0.042151
0.023001
0.025838
0.021912
0.020965
0.016287
0.023101
0.022871
0.020802
0.022714
0.031988
0.019749
0.018602
0.080742
0.017211
0.050856
0.667201
0.022277
0.026396
0.032199
0.018521
0.018532
0.02445
0.027114
0.117545
0.029164
0.026922
0.082444
0.024488
0.022895
0.106647
0.016745
0.016441
0.022841
0.024167
0.029671
0.015663
0.017512
0.04392
0.025131
0.039555
0.019474
0.016267
0.022448
0.025752
0.020381
0.107917
0.016889
0.026493
0.033853
0.028285
0.030137
0.02625
0.017644
0.06751
0.026198
0.032891
0.039209
0.022354
0.022579
0.017239
0.068705
0.552229
0.02187
0.017958
0.027898
0.021717
0.022683
0.024187
0.016632
0.018313
0.020183
0.018263
0.019175
0.018781
0.017929
0.025257
0.024567
0.018083
0.030456
0.022231
0.025168
0.027703
0.023912
0.022839
0.031115
0.036293
0.028847
0.023011
0.018384
0.024497
0.016224
0.018008
0.022743
0.017212
0.033215
0.033361
0.018066
0.098448
0.029524
0.025049
0.029618
0.03364
0.025746
0.019349
0.024006
0.025855
0.022126
0.019498
0.015435
0.028395
0.016064
0.019536
0.031239
0.024442
0.017182
0.026638
0.018605
0.076125
0.019018
0.017015
0.141044
0.017808
0.027342
0.021828
0.018924
0.025195
0.028951
0.021833
0.024962
0.016773
0.02342
0.021951
0.020377
0.016984
0.103155
0.020289
0.074428
0.022365
0.020034
0.023425
0.030174
0.023763
0.018354
0.100916
0.016478
0.028992
0.106024
0.041344
0.021633
0.01677
0.022841
0.037878
0.079973
0.0228
0.035493
0.019229
0.016639
0.019935
0.028477
0.015707
0.029338
0.027256
0.015727
0.022958
0.025916
0.026792
0.021465
0.04267
0.023005
0.029386
0.02448
0.018114
0.022286
0.016612
0.025349
0.015945
0.030008
0.016604
0.172396
0.123387
0.057835
0.049801
0.336051
0.026248
0.021415
0.023617
0.027137
0.020297
0.02498
0.021032
0.088523
0.018823
0.018843
0.024638
0.032401
0.025887
0.02561
0.01583
0.017443
0.152829
0.018542
0.015783
0.026098
0.045914
0.017062
0.0958
0.017949
0.023061
0.024331
0.02888
0.02619
0.022978
0.031813
0.035295
0.016908
0.026275
0.03635
0.027103
0.024954
0.02015
0.02704
0.031538
0.018529
0.018249
0.021063
0.020421
0.028174
0.021504
0.017132
0.030747
0.022167
0.020227
0.02963
0.018074
0.016749
0.023986
0.023757
0.030226
0.060193
0.017454
0.02278
0.091033
0.016282
0.024432
0.02171
0.017244
0.039209
0.021292
0.022317
0.016928
0.016211
0.025974
0.016508
0.016598
0.023412
0.016311
0.031803
0.022158
0.018312
0.025105
0.026505
0.02227
0.026721
0.023457
0.03534
0.018638
0.067338
0.032112
0.025155
0.023218
0.030278
0.016188
0.020891
0.024967
0.01684
0.028024
0.026962
0.016648
0.022267
0.311433
0.029671
0.022477
0.021507
0.022533
0.019383
0.028549
0.023797
0.023327
0.103762
0.019569
0.021576
0.027687
0.023663
0.022293
0.082983
0.019484
0.022148
0.028594
0.017552
0.022432
0.017226
0.0199
0.022912
0.021087
0.017805
0.029319
0.024379
0.024304
0.016471
0.087034
0.017236
0.024151
0.02351
0.017835
0.016782
0.025396
0.039043
0.11046
0.023518
0.016628
0.026987
0.021316
0.02436
0.025648
0.022
0.0287
0.021077
0.024347
0.031748
0.020801
0.051646
0.026299
0.087605
0.040734
0.019315
0.016614
0.024501
0.017461
0.017129
0.019256
0.02052
0.018408
0.018445
0.017884
0.021248
0.02446
0.024176
0.02167
0.019156
0.073925
0.599945
0.017362
0.340386
0.024
0.024905
0.02248
0.026366
0.016194
0.022159
0.021328
0.025681
0.022685
0.017402
0.032358
0.024382
0.015671
0.019862
0.017399
0.022562
0.021413
0.019476
0.029366
0.020925
0.0244
0.02204
0.021703
0.025139
0.02194
0.017332
0.016596
0.024558
0.027994
0.020661
0.01824
0.037759
0.022469
0.016983
0.015004
0.018998
0.027464
0.023022
0.023211
0.02581
0.045024
0.017918
0.079271
0.02572
0.016299
0.019462
0.019386
0.025047
0.019437
0.025343
0.030464
0.018747
0.017429
0.029803
0.016047
0.017786
0.020819
0.019375
0.019393
0.03131
0.020905
0.021292
0.0195
0.017401
0.016166
0.022211
0.023966
0.02289
0.016196
0.021749
0.017852
0.020022
0.026825
0.118164
0.021243
0.02642
0.021047
0.033438
0.021847
0.021274
0.016624
0.026878
0.037315
0.016144
0.019124
0.019684
0.016915
0.019733
0.070501
0.026614
0.026977
0.020179
0.025473
0.020331
0.0247
0.117563
0.018128
0.025706
0.017789
0.015898
0.030462
0.021151
0.021077
0.103355
0.020748
0.024489
0.022772
0.020637
0.031641
0.017587
0.016596
0.016118
0.015849
0.029433
0.023378
0.026143
0.023546
0.016488
0.023218
0.016207
0.016385
0.024506
0.016035
0.021236
0.022042
0.02074
