0.452037
0.281606
0.26618
0.292524
0.235405
0.265973
0.247519
0.293447
0.283037
0.239878
0.328643
0.254113
0.490889
0.240881
0.32197
0.240076
0.266043
0.258638
0.319308
0.27892
0.291128
0.242104
0.28426
0.251404
0.293749
0.298693
0.344023
0.255023
0.244423
0.260931
0.314354
0.240656
0.296632
0.373655
0.284944
0.236637
0.273611
0.386238
0.23761
0.256002
0.288196
0.250491
0.275644
0.258714
0.287336
0.274873
0.256686
0.32101
0.295494
0.313459
0.286719
0.249536
0.240725
0.292463
0.243125
0.239137
0.280563
0.317835
0.246093
0.279767
0.316107
0.265195
0.285893
0.251303
0.283914
0.23972
0.278611
0.244876
0.278743
0.28795
0.246093
0.254597
0.641436
0.364684
0.282588
0.271006
0.284358
0.261125
0.246761
0.247399
0.343205
0.23623
0.303502
0.275972
0.248688
0.236817
0.312221
0.241313
0.254142
0.253341
0.301659
0.257628
0.322002
0.242283
0.288542
0.31195
0.291401
0.270204
0.251497
0.281082
0.295425
0.300531
0.252414
0.287753
0.340374
0.324626
0.240314
0.320793
0.279693
0.367714
0.255079
0.318843
0.246107
0.253883
0.299607
0.310324
0.256633
0.304345
0.235549
0.252056
0.279853
0.266764
0.261883
0.252859
0.252427
0.326996
0.262434
0.241441
0.360943
0.247187
0.331655
0.304486
0.303156
0.275861
0.328978
0.279444
0.31988
0.246285
0.310741
0.306161
0.246084
0.329449
0.243475
0.250734
0.247968
0.293854
0.289838
0.237721
0.248414
0.289389
0.270138
0.273305
0.295394
0.313851
0.260986
0.30614
0.251022
0.287887
0.351806
0.269035
0.286522
0.25189
0.323088
0.244288
0.320213
0.303092
0.315977
0.794799
0.280641
0.435993
0.267931
0.529344
0.30051
0.244395
0.251294
0.323702
0.24976
0.274049
0.246565
0.296418
0.24488
0.251054
0.329013
0.24569
1.055532
0.276214
0.266639
0.330305
0.264332
0.245274
0.257337
0.35896
0.334592
0.295334
0.249936
0.278147
0.270982
0.245837
0.269817
0.364458
0.297257
0.328223
0.242067
0.258822
0.297051
0.26688
0.244991
0.252888
0.262741
0.241293
0.250295
0.436322
0.257009
0.239226
0.353966
0.256525
0.253515
0.23547
0.295999
0.280349
0.297023
0.283368
0.262334
0.236782
0.316532
0.30226
0.253547
0.31006
0.247376
0.317321
0.27088
0.33389
0.242507
0.285963
0.291451
0.237234
0.335241
0.233426
0.524794
0.457756
0.304598
0.266793
0.249718
0.257339
0.284229
0.32196
0.244947
0.260273
0.252615
0.250772
0.341119
0.244798
0.23922
0.301576
0.242402
0.254097
0.284745
0.318756
0.26191
0.337795
0.273757
0.27391
0.278399
0.2565
0.301248
0.317545
0.294477
0.298868
0.267001
0.252781
0.25245
0.452561
0.335103
0.264497
0.274647
0.245078
0.335077
0.243101
0.256914
0.27031
0.312678
0.285948
0.322641
0.240744
0.262328
0.242403
0.247201
0.275319
0.248878
0.301688
0.249867
0.260072
0.358781
0.245084
0.359945
0.241144
0.25928
0.346863
0.24351
0.268113
0.322661
0.287855
0.301652
0.248755
0.325566
0.250652
0.259987
0.312381
0.30597
0.268298
0.282297
0.244779
0.289123
0.248522
0.256395
0.242354
0.335116
0.277679
0.249299
0.316479
0.236459
0.260294
0.311807
0.311277
0.247954
0.262018
0.242693
0.239723
0.367851
0.250792
0.299372
0.294699
0.255965
0.246724
0.297029
0.238814
0.262994
0.309696
0.390746
0.422673
0.258203
0.238534
0.251904
0.273184
0.286267
0.246299
0.293776
0.262179
0.250198
0.268724
0.443319
0.247568
0.251718
0.266882
0.242502
0.309928
0.265986
0.278747
0.289761
0.272753
0.250942
0.247455
0.267554
0.359331
0.30026
0.333383
0.252099
0.315707
0.242223
0.241805
0.305933
0.326154
0.237537
0.504414
0.300843
0.276675
0.249446
0.314124
0.277319
0.24545
0.284947
0.264003
0.304876
0.255974
0.247604
0.327743
0.307549
0.331731
0.260573
0.276179
0.294922
0.250913
0.301069
0.24599
0.249784
0.302357
0.250928
0.379973
0.247927
0.265234
0.26995
0.2404
0.343423
0.281038
0.322485
0.296263
0.241852
0.255733
0.300283
0.241592
0.251023
4.031229
0.278703
0.261637
0.27231
0.249274
0.253379
0.347234
0.238621
0.275178
0.273138
0.244772
0.257286
0.322963
0.251124
0.306078
0.244913
0.285523
0.290614
0.312658
0.305332
0.272855
0.252925
0.23989
0.24096
0.313913
0.280146
0.248176
0.326698
0.249599
0.243905
0.255425
0.24542
0.26306
0.281063
0.34358
0.24548
0.241827
0.303587
0.261077
0.24269
0.264659
0.447163
0.238668
0.34368
0.371773
0.267551
0.291074
0.287914
0.245291
0.263519
0.243107
0.303076
0.285703
0.268122
0.26618
0.354173
0.243228
0.278935
0.243626
0.315077
0.250037
0.243365
0.321224
0.239178
0.254805
0.322779
0.250358
0.246228
0.363006
0.343609
0.257849
0.259614
0.24652
0.265579
0.31217
0.33928
0.275054
0.262654
0.247846
0.372698
0.287197
0.292539
0.306126
0.240398
0.28688
0.269303
0.259076
0.315916
0.311623
0.306269
0.265692
0.271956
0.312844
0.296861
0.239144
0.300908
0.294119
0.310006
0.321016
0.271821
0.238032
0.250861
0.376444
0.246318
0.279225
0.258045
0.345387
0.244895
0.261421
0.284244
0.375838
0.254234
0.2456
0.343899
0.315642
0.303533
0.312732
0.240433
0.26473
0.247145
0.282217
0.263301
0.326205
0.239222
0.313577
0.380802
0.245066
0.289311
0.324606
0.267267
0.310692
0.254099
0.249977
0.279272
0.240754
0.262197
0.258316
0.358719
0.267503
0.248107
0.32704
0.249173
0.235697
0.29245
0.247141
0.276568
0.350698
0.240411
0.285775
0.49068
0.245154
0.239892
0.278536
0.28806
0.287654
0.286344
0.262811
0.374476
0.248744
0.309689
0.674985
0.341988
0.305771
0.289063
0.348665
0.247518
0.267613
0.35422
0.250421
0.285568
0.282831
0.249481
0.278202
0.297279
0.241948
0.275547
0.255288
0.295784
0.299833
0.236905
0.310666
0.301144
0.252989
0.292496
0.249381
0.387194
0.261042
0.251886
0.31659
0.354339
0.2597
0.269556
0.292338
0.321932
0.24961
0.24257
0.270936
0.242522
0.256406
0.292385
0.253811
0.341401
0.262154
0.263193
0.320544
0.262351
0.332771
0.238232
0.360457
0.269284
0.323067
0.2887
0.234678
0.2439
0.329606
0.245338
0.246306
0.263964
0.263777
0.241157
0.278286
0.350133
0.270349
0.250286
0.288234
0.327741
0.260324
0.23754
0.236661
0.339922
0.249872
0.252551
0.275776
0.378371
0.250922
0.280408
0.242471
0.286901
0.281145
0.247027
0.287745
0.243236
0.243955
0.296102
0.244294
0.246814
0.29713
0.239492
0.236623
0.303197
0.235446
0.264697
0.298799
0.30903
0.271244
0.254131
0.241157
0.341905
0.34384
0.24779
0.397866
0.255865
0.303412
0.262558
0.279685
0.312414
0.303259
0.347018
0.246542
0.289084
0.254443
0.240752
0.351312
0.250246
0.304672
0.286224
0.272016
0.26674
0.25628
0.271565
0.395138
0.259879
0.243964
0.328925
0.349608
0.246899
0.327132
0.29846
0.301534
0.252906
0.285996
0.247612
0.311752
0.249989
0.291767
0.291399
0.32875
0.251269
0.293419
0.322007
0.317165
0.252283
0.248211
0.316988
0.254526
0.296596
0.265356
0.273742
0.240125
0.314904
0.256338
0.29442
0.267302
0.338993
0.274169
0.315649
0.24218
0.278911
0.264807
0.337623
0.295522
0.257075
0.305749
0.24756
0.243529
0.356294
0.238453
0.312725
0.253378
0.305135
0.278439
0.327868
0.64653
0.308756
0.275088
0.278195
0.259699
0.241071
0.315466
0.261778
0.251501
0.405429
0.240992
0.24676
0.348922
0.249879
0.237253
0.295749
0.256124
0.23971
0.299512
0.25045
0.270177
0.243242
0.241808
0.324674
0.244622
0.382952
0.251434
0.270347
0.276942
0.245819
0.295433
0.267882
0.349363
0.269335
0.301033
0.278614
0.308364
0.261444
0.258053
0.241528
0.279484
0.260785
0.294018
0.349716
0.254412
0.279209
0.248139
0.310615
0.377365
0.251854
0.281781
0.297535
0.240068
0.248617
0.245521
0.41514
0.248153
0.262036
0.248309
0.283678
0.256005
0.247203
0.248814
0.324916
0.266883
0.302363
0.287769
0.259366
0.25411
0.276429
0.24775
0.265993
0.293138
0.322731
0.317579
0.247184
0.237251
0.319502
0.244376
0.253207
0.349085
0.241008
0.259623
0.262457
0.241779
0.331949
0.248644
0.255842
0.292646
0.251407
0.287897
0.265082
0.319135
0.242535
0.274935
0.238691
0.254788
0.302243
0.305725
0.255352
0.346752
0.253763
0.351711
0.240755
0.248258
0.243375
0.299048
0.267735
0.305162
0.248833
0.310994
0.284508
0.259853
0.302144
0.245077
0.262844
0.320892
0.254325
0.346602
0.245437
0.286928
0.349244
0.292639
0.261733
0.323842
0.29183
0.284611
0.353619
0.288052
0.309717
0.260347
0.315072
0.247529
0.35559
0.284312
0.340693
0.248488
0.311594
0.255661
0.252817
0.345475
0.256127
0.298842
0.253796
0.316547
0.270566
0.240237
0.313527
0.239862
0.244846
0.34915
0.252198
0.260257
0.237126
0.236208
0.263184
0.299836
0.250792
0.254597
0.301094
0.256528
0.283353
0.31053
0.269746
0.279685
0.275148
0.340552
0.245515
0.258759
0.33049
0.261257
0.521902
0.494471
0.254446
0.258932
0.288474
0.30003
0.264268
0.287302
0.235322
0.326907
0.289108
0.24386
0.237898
0.300538
0.24353
0.266908
0.238965
0.306954
0.2471
0.255284
0.281695
0.307174
0.247599
0.369576
0.318312
0.272731
0.325963
0.248743
0.323403
0.250452
0.243949
0.325922
0.248301
0.252525
0.296612
0.273829
0.319916
0.26033
0.236406
0.239842
0.258278
0.304228
0.245815
0.345476
0.248077
0.259894
0.272104
0.256399
0.387362
0.25071
0.302076
0.271955
0.282302
0.280851
0.257422
0.297764
0.297238
0.24304
0.260147
0.24362
0.247331
0.269088
0.243934
0.245818
0.335733
0.247584
0.254961
0.246776
0.347204
0.278163
0.25106
0.269345
0.318648
0.252235
0.3932
0.319716
0.275206
0.260711
0.250047
0.386377
0.248582
0.275634
0.27852
0.319331
0.249113
0.246302
