0.25096
0.24019
0.235283
0.347566
0.243397
0.236305
0.310322
0.267743
0.236941
0.294489
0.308163
0.238051
0.240097
0.303146
0.240932
0.255058
0.240471
0.289007
0.27525
0.23624
0.295354
0.264807
0.245504
0.270271
0.237817
0.234918
0.264502
0.244147
0.289129
0.270127
0.296742
0.241419
0.249944
0.379052
0.239208
0.238825
0.300956
0.246577
0.264772
0.276411
0.239648
0.272602
0.349913
0.252376
0.321226
0.271758
0.242619
0.263348
0.270714
0.23984
0.354356
0.525981
0.273373
0.241668
0.296864
0.25546
0.252777
0.242198
0.304118
0.260589
0.244033
0.245661
0.303812
0.261021
0.312389
0.259957
0.239026
0.241322
0.288308
0.243454
0.241987
0.302654
0.247999
0.247538
0.26145
0.271046
0.247018
0.237275
0.278801
0.293382
0.243219
0.243587
0.327007
0.323931
0.239501
0.311255
0.298526
0.256426
0.268034
0.241661
0.261171
0.242806
0.280821
0.257536
0.313726
0.299622
0.256996
0.243788
0.244789
0.343251
0.242551
0.252775
0.286965
0.257161
0.318547
0.246313
0.276345
0.256601
0.242672
0.293679
0.277218
0.235757
0.241
0.26959
0.270176
0.254916
0.250601
0.235888
0.315286
0.325637
0.243226
0.316862
0.259598
0.274193
0.261524
0.272525
0.282052
0.260221
0.255983
0.234969
0.249865
0.331605
0.238454
0.242019
0.306919
0.310833
0.266969
0.232464
0.30629
0.255627
0.24396
0.299655
0.603797
0.264876
0.286575
0.24292
0.636127
0.249622
0.247004
0.264981
0.259084
0.234153
0.261401
0.274791
0.242382
0.241113
0.242519
0.310559
0.264416
0.242964
0.241745
0.291509
0.297679
0.298521
0.257741
0.248899
0.305591
0.261274
0.300234
0.285442
0.247177
0.300593
0.305582
0.240586
0.260187
0.2988
0.243264
0.247857
0.364665
0.236338
0.292839
0.24661
0.287386
0.271049
0.251404
0.274323
0.282604
0.238066
0.268081
0.294026
0.239602
0.298094
0.260187
0.24336
0.335883
0.268498
0.237159
0.308961
0.246957
0.300254
0.306797
0.247633
0.326161
0.294605
0.246225
0.288187
0.255514
0.299307
0.268094
0.239608
0.268637
0.271316
0.311735
0.239206
0.245712
0.291933
0.285295
0.235895
0.263881
0.244554
0.325004
0.240078
0.28801
0.289276
0.276373
0.272635
0.26257
0.294711
0.26305
0.619919
0.235881
0.280037
0.243415
0.25011
0.308912
0.240951
0.255808
0.267805
0.263496
0.235549
0.293815
0.346818
0.240054
0.246751
0.251233
0.242159
0.26335
0.25159
0.244081
0.330979
0.249388
0.240293
0.257712
0.23963
0.3011
0.260733
0.295814
0.248806
0.241678
0.289631
0.233722
0.264857
0.334747
0.259036
0.258203
0.299628
0.237751
0.289531
0.2963
0.240084
0.293403
0.251271
0.282061
0.258766
0.243742
0.281126
0.279171
0.24077
0.300158
0.28472
0.26521
0.248397
0.261301
0.329955
0.245316
0.265811
0.257028
0.27581
0.335993
0.254289
0.266732
0.243603
0.241066
0.286368
0.240526
0.245694
0.287461
0.251333
0.34012
0.236457
0.325559
0.286449
0.242333
0.237899
0.239025
0.280061
0.274821
0.31499
0.235786
0.284872
0.268193
0.293143
0.330099
0.244759
0.296813
0.260058
0.2458
0.263305
0.311755
0.242792
0.343951
0.244272
0.277081
0.247575
0.28981
0.271154
0.32454
0.353144
0.246121
0.284811
0.24608
0.24496
0.312876
0.243276
0.294579
0.259079
0.244763
0.244142
0.267162
0.296377
0.24525
0.3021
0.24159
0.245562
0.256199
0.328056
0.295349
0.247179
0.283717
0.249976
0.239969
0.306753
0.249121
0.238197
0.252075
0.276943
0.242448
0.295494
0.24632
0.243782
0.292896
0.242692
0.266553
0.290637
0.245947
0.243342
0.327225
0.236409
0.25971
0.250635
0.289872
0.27331
0.261546
0.236792
0.310591
0.246059
0.236326
0.337287
0.292911
0.285833
0.24083
0.267041
0.30037
0.257426
0.278804
0.235717
0.303067
0.241856
0.239838
0.266474
0.321461
0.242217
0.252616
0.272126
0.271152
0.256225
0.245648
0.295229
0.266594
0.248911
0.290789
0.316955
0.286354
0.248151
0.248267
0.242938
0.288647
0.765335
0.268363
0.240804
0.288928
0.301714
0.251413
0.300933
0.302846
0.245478
0.272504
0.289027
0.24252
0.287365
0.289723
0.240607
0.243423
0.245785
0.241068
0.332241
0.237414
0.24686
0.267156
0.302558
0.238405
0.236866
0.236768
0.26303
0.267397
0.274108
0.281832
0.237232
0.297666
0.264093
0.240364
0.242673
0.363903
0.25428
0.282704
0.24461
0.277934
0.309505
0.27129
0.312913
0.288364
0.239788
0.263914
0.300375
0.249514
0.29022
0.239243
0.234879
0.292705
0.244296
0.274116
0.300999
0.248649
0.303216
0.248466
0.242578
0.24745
0.282651
0.287405
0.245637
0.300023
0.25882
0.245209
0.246869
0.258127
0.312698
0.281037
0.287035
0.238736
0.324362
0.251345
0.238785
0.259162
0.23976
0.237683
0.254551
0.249517
0.298619
0.254795
0.267412
0.296376
0.274038
0.279005
0.239984
0.28123
0.258588
0.240192
0.253607
0.269694
0.273859
0.255659
0.262746
0.280889
0.254085
0.315793
0.24709
0.344408
0.246564
0.246017
0.257669
0.30384
0.295437
0.271517
0.24731
0.246758
0.296764
0.239583
0.314999
0.258083
0.280842
0.25647
0.260371
0.278761
0.24466
0.264341
0.24103
0.271668
0.266595
0.292741
0.283411
0.244023
0.263243
0.239689
0.34677
0.267584
0.246098
0.24878
0.356255
0.240248
0.288235
0.248224
0.239899
0.281993
0.295551
0.245825
0.267246
0.286889
0.242739
0.278793
0.242888
0.302032
0.235753
0.24074
0.346834
0.243177
0.275906
0.2465
0.241769
0.272919
0.302111
0.242348
0.352119
0.241328
0.236738
0.295141
0.26445
0.276115
0.252135
0.296649
0.264031
0.244754
0.282419
0.288509
0.286776
0.271606
0.316803
0.241544
0.328465
0.294096
0.263341
0.293526
0.235666
0.255553
0.256011
0.25651
0.460253
0.393985
0.251929
0.268232
0.239126
0.273032
0.271144
0.242243
0.295077
0.270582
0.238298
0.246783
0.294186
0.251479
0.270975
0.299697
0.245718
0.266277
0.316184
0.343195
0.239965
0.242974
0.338076
0.236719
0.298061
0.248414
0.243438
0.254891
0.260677
0.2384
0.302444
0.240052
0.281129
0.290241
0.245057
0.243515
0.287303
0.274883
0.320216
0.236665
0.298966
0.311103
0.259197
0.344039
0.28398
0.258488
0.236695
0.251924
0.321132
0.267609
0.259449
0.339007
0.26732
0.252572
0.346101
0.236754
0.257423
0.243783
0.246276
0.29094
0.265198
0.244856
0.302502
0.242304
0.264826
0.29586
0.251687
0.313064
0.29502
0.257783
0.291801
0.304031
0.283945
0.253428
0.306634
0.245625
0.242112
0.259277
0.310828
0.248387
0.289093
0.285904
0.257288
0.299827
0.256563
0.338569
0.239577
0.256995
0.24077
0.278352
0.322712
0.26849
0.262574
0.386475
0.252763
0.343954
0.238197
0.245365
0.311207
0.252116
0.257706
0.244672
0.239811
0.265438
0.258183
0.255704
0.289199
0.249608
0.315801
0.240535
0.284475
0.270758
0.241968
0.242708
0.310131
0.335178
0.282441
0.248166
0.257935
0.310984
0.302293
0.243996
0.278494
0.257046
0.30815
0.249093
0.235264
0.306114
0.311639
0.250067
0.248496
0.245715
0.256765
0.293955
0.24817
0.240651
0.288997
0.275786
0.248514
0.268086
0.284601
0.251847
0.304056
0.240457
0.328409
0.238982
0.24109
0.260402
0.295652
0.26645
0.367958
0.242717
0.27311
0.243057
0.257214
0.279247
0.240974
0.240859
0.338115
0.251601
0.315832
0.251878
0.257106
0.345637
0.246004
0.25561
0.300022
0.24931
0.307112
0.245628
0.295921
0.353665
0.249826
0.296548
0.258578
0.324985
0.273767
0.246062
0.5681
0.254391
0.265401
0.276512
0.247586
0.28187
0.266151
0.317904
0.257817
0.289788
0.284317
0.257592
0.256832
0.240154
0.262149
0.249732
0.291375
0.321111
0.246117
0.238684
0.287819
0.247334
0.240556
0.275526
0.31283
0.255409
0.25912
0.273673
0.23581
0.271877
0.284565
0.243278
0.303566
0.246681
0.321642
0.259093
0.28308
0.296031
0.2864
0.267434
0.299328
0.2586
0.30235
0.242994
0.245005
0.302245
0.263676
0.269851
0.256315
0.273555
0.25811
0.28405
0.301984
0.28409
0.27849
0.293903
0.247505
0.269702
0.288937
0.244772
0.275625
0.250414
0.259262
0.259447
0.241895
0.309609
0.267403
0.293287
0.246108
0.297066
0.240127
0.235198
0.303671
0.274124
0.255309
0.297324
0.242545
0.317665
0.259687
0.239795
0.250711
0.376535
0.244112
0.246071
0.296516
0.302293
0.247125
0.282608
0.236395
0.284429
0.241772
0.320588
0.335543
0.239544
0.300799
0.241258
0.308843
0.295173
0.255382
0.25588
0.305684
0.250117
0.314482
0.235754
0.292343
0.296814
0.270532
0.268833
0.244178
0.236902
0.263796
0.29471
0.310903
0.254367
0.368173
0.243965
0.996461
0.248623
0.251567
0.261255
0.248844
0.248415
0.350698
0.25004
0.297223
0.305767
0.24198
0.258639
0.346942
0.252048
0.254887
0.264878
0.298686
0.262221
0.243926
0.302639
0.284239
0.334627
0.250863
0.313626
0.261675
0.294954
0.250367
0.241839
0.306881
0.247108
0.24989
0.311247
0.247484
0.239251
0.298091
0.268165
0.315514
0.257875
0.238421
0.322993
0.273734
0.317933
0.254221
0.301763
0.257782
0.311242
0.299645
0.24358
0.301937
0.233474
0.236041
0.314222
0.254743
0.275403
0.277667
0.297737
0.245506
0.322587
0.263928
0.576479
0.332879
0.246154
0.257134
0.274692
0.295571
0.262807
0.243934
0.290986
0.287459
0.245021
0.244089
0.255672
0.295489
0.285249
0.305146
0.252429
0.247978
0.261199
0.289304
0.239096
0.295719
0.288504
0.242753
0.252137
0.305136
0.239787
0.350615
0.253794
0.252898
0.291921
0.249024
0.251336
0.313141
0.249358
0.246727
0.283084
0.310362
0.268688
0.244516
0.291207
0.28915
0.246006
0.24786
0.264003
0.244249
0.251999
0.253719
0.273024
0.294006
0.24857
0.333505
0.320561
0.290067
0.272474
0.246358
0.243204
0.325842
0.251107
0.251287
0.328378
0.244403
