0.472337
0.245496
0.240391
0.392733
0.255558
0.265123
0.317536
0.257704
0.287523
0.275689
0.303582
0.249661
0.242827
0.34518
0.327098
0.263696
0.292788
0.242402
0.244468
0.301812
0.240122
0.271393
0.265996
0.330199
0.266214
0.291378
0.610961
0.238485
0.280998
0.250176
0.23914
0.305403
0.239511
0.297552
0.269099
0.248585
0.250981
0.258166
0.333506
0.240049
0.247874
0.311747
0.238683
0.264469
0.249461
0.25453
0.323495
0.255017
0.3252
0.236912
0.264581
0.301143
0.237138
0.257891
0.245655
0.289978
0.265868
0.294421
0.319409
0.241531
0.319488
0.270009
0.341426
0.258909
0.266425
0.315205
0.246588
0.31852
0.29797
0.265267
0.318798
0.302324
0.246378
0.335372
0.240646
0.258044
0.322176
0.242733
0.30445
0.286881
0.24921
0.329611
0.243162
0.261269
0.295341
0.250858
0.247406
0.242767
0.289842
0.268732
0.268005
0.242104
0.271204
0.239645
0.241764
0.363798
0.245326
0.322449
0.249032
0.320953
0.266122
0.328619
0.256968
0.36809
0.291514
0.305428
0.292293
0.242515
0.265039
0.302889
0.242406
0.30624
0.248039
0.264088
0.24855
0.264606
0.308786
0.241854
0.268348
0.388485
0.281545
0.242416
0.281593
0.244179
0.25502
0.36223
0.244636
0.317985
0.267271
0.249122
0.33511
0.320424
0.273658
0.252657
0.293217
0.282091
0.274622
0.309368
0.238244
0.251581
0.299012
0.25393
0.245105
0.305907
0.243274
0.246498
0.334222
0.702258
0.322454
0.257713
0.265835
0.280034
0.276689
1.116793
0.331586
0.249747
0.314566
0.266683
0.237354
0.276075
0.372174
0.385183
0.253061
0.315153
0.276554
0.241755
0.247032
0.243066
0.288046
0.2887
0.271278
0.240245
0.277114
0.294807
0.246473
0.25509
0.2437
0.29286
0.250351
0.266917
0.341509
0.260625
0.286648
0.293875
0.28427
0.249953
0.235917
0.328722
0.302966
0.241749
0.31254
0.245328
0.246282
0.350994
0.556217
0.36656
0.238617
0.366364
0.241385
0.308548
0.246444
0.285269
0.284131
0.24304
0.321381
0.271048
0.272558
0.246667
0.311513
0.305566
0.249768
0.321372
0.278862
0.295714
0.296644
0.247211
0.263349
0.309377
0.253701
0.283358
0.251746
0.319404
0.295884
0.30504
0.325373
0.244615
0.352124
0.325667
0.259007
0.329135
0.250762
0.28177
0.304291
0.238465
0.341881
0.239445
0.249581
0.406048
0.275609
0.28991
0.299994
0.285214
0.267888
0.293749
0.249248
0.268822
0.247948
0.308962
0.245075
0.290559
0.774096
0.297381
0.296467
0.244699
0.284306
0.258123
0.24237
0.259828
0.253151
0.246253
0.421775
0.250711
0.302493
0.296537
0.262109
0.309247
0.304253
0.258249
0.242441
0.260636
0.309475
0.251931
0.26786
0.310425
0.304046
0.24996
0.279821
0.2362
0.274614
0.362721
0.234273
0.32965
0.246305
0.239808
0.280971
0.343065
0.242224
0.271935
0.262887
0.294708
0.26764
0.301602
0.242638
0.399206
0.256104
0.310768
0.288488
0.261547
0.253623
0.303307
0.235919
0.248049
0.29735
0.373427
0.54779
0.260735
0.264965
0.259629
0.292955
0.256455
0.242072
0.347456
0.247436
0.279954
0.294917
0.391555
0.242626
0.248443
0.279636
0.23764
0.259251
0.297722
0.304983
0.292638
0.375207
0.247587
0.262708
0.240836
0.385715
0.252996
0.283129
0.298573
0.300344
0.251383
0.246925
0.325662
0.329282
0.300628
0.295741
0.31964
0.252567
0.364364
0.259896
0.241955
0.272337
0.258068
0.257971
0.265198
0.245487
0.289822
0.332814
0.263259
0.295759
0.255757
0.28132
0.236896
0.280683
0.296265
0.239022
0.252113
0.325519
0.242682
0.27859
0.327125
0.52623
0.246182
0.325521
0.245761
0.34509
0.257835
0.25615
0.262153
0.323952
0.284754
0.257965
0.276324
0.313721
0.256742
0.258498
0.405345
0.33947
0.254653
0.315985
0.326015
0.241048
0.369248
0.357794
0.245673
0.265171
0.239037
0.244122
0.325716
0.245503
0.289227
0.301242
0.24054
0.248412
0.305013
0.24452
0.299973
0.242496
0.259547
0.281499
0.306954
0.288295
0.283843
0.271413
0.244921
0.249241
0.34058
0.339148
0.249107
0.287481
0.26909
0.314694
0.271428
0.303822
0.257311
0.373416
0.24316
0.258827
0.359622
0.248294
0.2489
0.244262
0.239007
0.294702
0.30454
0.260698
0.364813
0.252121
0.333718
0.300204
0.246461
0.287705
0.257853
0.27281
0.285365
0.251262
0.298953
0.295106
0.260513
0.299635
0.245062
0.266982
0.338635
0.283658
0.244203
0.259259
0.285518
0.237819
0.373915
0.260683
0.417028
0.238636
0.325047
0.2562
0.241375
0.328823
0.268856
0.24198
0.305037
0.248144
0.267878
0.354415
0.259144
0.270179
0.291363
0.259958
0.248963
0.238846
0.277758
0.31128
0.282558
0.399366
0.311708
0.263468
0.244466
0.293089
0.274616
0.23808
0.251544
0.311351
0.250306
0.238323
0.257923
0.29864
0.25907
0.256466
0.339916
0.242961
0.265516
0.284768
0.262091
0.295993
0.256132
0.304199
0.291066
0.304502
0.349732
0.257738
0.258197
0.266322
0.289488
0.286868
0.306664
0.274195
0.321345
0.36008
0.269772
0.257767
0.25038
0.264338
0.275668
0.246667
0.270971
0.298663
0.286956
0.251009
0.276229
0.395782
0.243794
0.376708
0.282922
0.250667
0.312515
0.243407
0.292182
0.251786
0.300507
0.254305
0.243282
0.621246
0.427107
0.287499
0.263491
0.302328
0.287592
0.263386
0.385007
0.258629
0.277375
0.298096
0.326109
0.305891
0.293894
0.268304
0.265117
0.254464
0.247621
0.26374
0.263018
0.258809
0.327815
0.257584
0.337174
0.257371
0.292889
0.262558
0.322652
0.294406
0.249123
0.303204
0.255142
0.250405
0.296769
0.303038
0.370269
0.311901
0.249538
0.290769
0.322985
0.258311
0.30374
0.254012
0.271742
0.278425
0.278623
0.304305
0.251969
0.291726
0.247974
0.336205
0.242294
0.26618
0.289162
0.251937
0.342514
0.255948
0.329495
0.30088
0.29518
0.254785
0.24338
0.251539
0.363277
0.24783
0.242194
0.264905
0.309996
0.248859
0.298697
0.322303
0.294353
0.241198
0.25634
0.330689
0.248108
0.242537
0.276775
0.373672
0.260892
0.26351
0.255379
0.355877
0.298161
0.253513
0.289873
0.249062
0.261266
0.290917
0.242221
0.278645
0.312181
0.261248
0.247549
0.315624
0.302843
0.243456
0.278174
0.339536
0.249261
0.316186
0.244803
0.338032
0.301058
0.234829
0.264544
0.298737
0.334704
0.266703
0.272892
0.244465
0.267736
0.240239
0.290952
0.292233
0.346954
0.289051
0.249766
0.277209
0.257581
0.353378
0.282447
0.28116
0.264071
0.240684
0.2358
0.269783
0.246098
0.360405
0.269698
0.253516
0.281929
0.254142
0.308032
0.270188
0.41252
0.31583
0.281858
0.260739
0.250154
0.245016
0.24906
0.403732
0.283808
0.293109
0.253285
0.297074
0.296308
0.241726
0.260298
0.283148
0.256055
0.326544
0.242643
0.281064
0.369214
0.27814
0.262825
0.291711
0.237389
0.350181
0.240687
0.304768
0.295317
0.248589
0.274863
0.250078
0.394739
0.421009
0.247946
0.270066
0.349798
0.244434
0.302513
0.308824
0.293408
0.306115
0.32068
0.261078
0.352162
0.248013
0.303304
0.237016
0.254412
0.276553
0.324556
0.24674
0.260655
0.268917
0.235018
0.255202
0.286352
0.248446
0.293787
0.24937
0.273197
0.258502
0.327288
0.278816
0.244861
0.280624
0.30291
0.288944
0.263159
0.293223
0.237271
0.277642
0.276174
0.2428
0.27324
0.240357
0.302923
0.292745
0.297746
0.262405
0.304332
0.275168
0.253401
0.303658
0.253473
0.248422
0.334689
0.267938
0.324878
0.241875
0.263677
0.245859
0.241557
0.34021
0.240907
0.24306
0.307885
0.248763
0.250342
0.292145
0.417597
0.26925
0.252775
0.249091
0.314791
0.261718
0.244655
0.280773
0.288495
0.24823
0.326936
0.261578
0.262597
0.304778
0.297249
0.267543
0.304097
0.248536
0.305347
0.237801
0.246465
0.295019
0.330882
0.265078
0.28389
0.27799
0.288838
0.278746
0.244949
0.26903
0.295826
0.254951
0.291649
0.251504
0.329058
0.247254
0.335036
0.262341
0.319836
0.297664
0.303235
0.270285
0.303035
0.247816
0.314599
0.246646
0.2374
0.263813
0.310605
0.328025
0.256921
0.315867
0.253145
0.304898
0.338046
0.286138
0.251244
0.298259
0.290738
0.253976
0.326493
0.252911
0.262489
0.299076
0.321659
0.36299
0.244147
0.341697
0.29433
0.320384
0.27478
0.285927
0.256824
0.307919
0.259254
0.338587
0.357464
0.258905
0.32359
0.252667
0.24204
0.264951
0.289079
0.250137
0.304282
0.258251
0.266846
0.28088
0.314106
0.257131
0.311573
0.284453
0.288148
0.262329
0.256743
0.250997
0.299869
0.287295
0.245775
0.252293
0.349412
0.249389
0.43596
0.47834
0.279027
0.284404
0.335457
0.255202
0.278778
0.339813
0.243575
0.367447
0.324435
0.32464
0.260594
0.254854
0.280156
0.355603
0.260585
0.253772
0.254872
0.362742
0.307108
0.25381
0.279586
0.396682
0.257916
0.268189
0.248654
0.27703
0.271364
0.246256
0.237293
0.356594
0.345276
0.261952
0.358453
0.325722
0.283371
0.253407
0.308295
0.29463
0.237622
0.311172
0.302427
0.309245
0.289328
0.245413
0.25204
0.303851
0.26243
0.257309
0.24421
0.326101
0.282231
0.330752
0.264008
0.306829
0.324703
0.33607
0.256453
0.246665
0.286021
0.263476
0.280311
0.27676
0.281392
0.324689
0.274414
0.322898
0.253313
0.282474
0.257138
0.251131
0.284807
0.236546
0.300566
0.261062
0.254615
0.248941
0.24622
0.282742
0.273201
0.265521
0.304211
0.342564
0.272385
0.2903
0.265094
0.279932
0.245256
0.438968
0.271349
0.261925
0.25001
0.239532
0.289516
0.268901
0.306824
0.244771
0.24792
0.255203
0.23813
0.23497
0.272264
0.310469
0.247093
0.358922
0.250376
0.265436
0.250508
0.27631
0.271146
0.241974
0.262507
0.357669
0.251407
0.283381
0.250095
0.300123
0.253842
0.309316
0.26524
0.253991
0.243951
0.342916
0.379627
0.283519
0.298339
0.25552
0.269985
0.303911
0.279411
