0.194291
0.03783
0.104181
0.156439
0.151936
0.088218
0.098569
0.112606
0.17159
0.106174
0.083402
0.114516
0.132619
0.048016
0.086228
0.039127
0.217044
0.022883
0.27433
0.032008
0.136765
0.052405
0.124165
0.095069
0.102607
0.021955
0.085041
0.185095
0.066754
0.208623
0.236877
0.094981
0.056005
0.041774
0.119313
0.041759
0.154193
0.122086
0.085658
0.244661
0.062184
0.10318
0.122582
0.111685
0.121711
0.079281
0.057872
0.093661
0.055553
0.196359
0.087546
0.132659
0.051502
0.082013
0.13169
0.120987
0.083019
0.065935
0.074795
0.093309
0.165162
0.092314
0.096414
0.070526
0.179509
0.059787
0.127273
0.073521
0.029867
0.056426
0.061861
0.106877
0.234371
0.159286
0.103614
0.107481
0.025634
0.128043
0.06641
0.074465
0.085496
0.032251
0.054931
0.131292
0.058775
0.092175
0.095279
0.113164
0.051039
0.048158
0.095357
0.118705
0.035762
0.170823
0.125241
0.180987
0.144799
0.094429
0.059675
0.073381
0.108098
0.067569
0.078049
0.111954
0.09466
0.102506
0.068092
0.073648
0.259545
0.188941
0.152203
0.034485
0.063206
0.021256
0.156927
0.11948
0.031184
0.111385
0.033953
0.13372
0.078573
0.128952
0.03933
0.100148
0.053841
0.121715
0.070254
0.071761
0.202911
0.116463
0.023565
0.030545
0.209472
0.094358
0.058166
0.142446
0.063192
0.041945
0.028908
0.051955
0.170295
0.152135
0.063187
0.411716
0.069534
0.068433
0.069032
0.122956
0.094234
0.07137
0.166368
0.05413
0.048716
0.1198
0.072131
0.07547
0.126605
0.10257
0.146115
0.104507
0.108551
0.117621
0.097215
0.038106
0.07892
0.088681
0.033113
0.059423
0.102586
0.060351
0.084844
0.058699
0.161254
0.237036
0.074651
0.030742
0.218579
0.068715
0.034002
0.193672
0.285155
0.063568
0.120643
0.072579
0.165559
0.120466
0.170822
1.346466
0.117725
0.101415
0.078035
3.172656
0.092916
0.187028
0.031794
0.213934
0.059343
0.059922
0.094045
0.060386
0.043577
0.08917
0.079672
0.06487
0.115291
0.095429
0.051796
0.04638
0.067357
0.151913
0.10323
0.083408
0.101054
0.070554
0.210879
0.076336
0.066184
0.044206
0.224792
0.131408
0.184218
0.064742
0.061932
0.091221
0.093886
0.051153
0.256986
0.163424
0.125372
0.084902
0.654574
0.122955
0.095487
0.051879
0.110654
0.098751
0.18324
0.170363
0.06529
0.062262
0.331866
0.183996
0.217487
0.050387
0.235768
0.263552
0.098879
0.102254
0.030984
0.208387
0.211339
0.046933
0.120814
0.090045
0.112979
0.173359
0.084292
0.126984
0.137705
0.132332
0.027195
0.07048
0.101609
0.060945
0.043717
0.119374
0.445365
0.155127
0.098268
0.046884
0.093897
0.106143
0.036129
0.198267
0.131532
0.156853
0.058062
0.107277
0.08068
0.085526
0.087282
0.071182
0.042442
0.090103
0.04148
0.207497
0.261716
0.106564
0.310046
0.115429
0.049445
0.096491
0.104011
0.062253
0.027818
0.032096
0.163926
0.08991
0.16262
0.084905
0.084026
0.097843
0.022209
0.10008
0.095081
0.077682
0.153369
0.083799
0.052802
0.090059
0.071152
0.032092
0.03781
0.054162
0.111455
0.187327
0.072262
0.134474
0.169446
0.044668
0.098759
0.164207
0.121908
0.078065
0.071707
0.156464
0.172205
0.255563
0.073574
0.114622
0.127766
0.060456
0.031484
0.08181
0.069303
0.11142
0.094437
0.10906
0.183965
0.091404
0.036796
0.042265
0.041894
0.146454
0.158252
0.181236
0.124932
0.12674
0.024362
0.170848
0.179877
0.605298
0.147765
0.108723
0.102908
0.07513
0.126348
0.090912
0.052694
0.114539
0.105155
0.095327
0.144637
0.08058
0.06616
0.051856
0.055135
0.095298
0.088889
0.075851
0.027842
0.039295
0.063625
0.137777
0.085032
0.042162
0.046406
0.098548
0.059509
0.042098
0.087233
0.093715
0.102807
0.060161
0.043101
0.039586
0.06836
0.05773
0.112525
0.174889
0.061057
0.093331
0.092485
0.138043
0.207873
0.1171
0.175734
0.094277
0.061887
0.12209
0.134563
0.120578
0.103252
0.033084
0.102817
0.063181
0.065156
0.080207
0.155961
0.186953
0.063627
0.103264
0.045
0.246031
0.072462
0.051465
0.114529
0.042634
0.101092
0.073031
0.027187
0.065013
0.263338
0.155713
0.164846
0.068108
0.100539
0.109857
0.123549
0.058361
0.107752
0.121322
0.310756
0.404623
0.189062
0.168998
0.343227
0.062341
0.139411
0.07656
0.06035
0.067379
0.026858
0.100829
0.090418
0.054158
0.163686
0.092388
0.189068
0.133943
0.154897
0.114734
0.098743
0.068172
0.036369
0.323763
0.102917
0.120586
0.137881
0.09317
0.050018
0.24286
0.069031
0.070286
0.043593
0.083575
0.051871
0.123856
0.057245
0.054082
0.094336
0.125475
0.253847
0.041798
0.073518
0.049554
0.071976
0.157293
0.068963
0.048884
0.040892
0.093184
1.14216
0.153653
0.140139
0.065547
0.067724
0.033299
0.136994
0.107814
0.122205
0.143869
0.057363
0.037506
0.069157
0.09054
0.051656
0.131017
0.041389
0.163667
0.041735
0.04565
0.03529
0.282281
0.066806
0.048681
0.192663
0.139839
0.136759
0.153126
0.218378
0.250427
0.106141
0.248551
0.180889
0.031984
0.075195
0.205764
0.066031
0.121514
0.029711
0.124295
0.216232
0.100042
0.09047
0.091717
0.183035
0.060857
0.062901
0.129453
0.092533
0.09724
0.070704
0.3087
0.06074
0.16264
0.069762
0.103541
0.123123
0.085822
0.038762
0.092538
0.071887
0.147475
0.089543
0.162195
0.092053
0.035879
0.138476
0.114216
0.082421
0.071029
0.06409
0.15169
0.122489
0.05855
0.078931
0.06104
0.145731
0.063071
0.111476
0.118207
0.083475
0.074712
0.06235
0.080172
0.030321
0.233931
0.040037
0.10482
0.10698
0.05952
0.098758
0.087076
0.069026
0.210304
0.038362
0.070851
0.157204
0.581487
0.156728
0.087906
0.099438
0.065394
0.089014
0.069254
0.057666
0.117846
0.199226
0.078106
0.095017
0.046927
0.073751
0.080792
0.06462
0.108226
0.199097
0.117446
0.102843
0.041596
0.076825
0.145439
0.106044
0.126641
0.089733
0.059129
0.151791
0.072927
0.077639
0.081301
0.079407
0.134565
0.140369
0.204709
0.057766
0.121502
0.077739
0.06577
0.202834
0.076178
0.070173
0.027727
0.102837
0.019455
0.18992
0.19141
0.132635
0.106365
0.059844
0.027179
0.07121
0.700114
0.118834
0.062124
0.078172
0.125689
0.09056
0.120129
0.156599
0.031956
0.119945
0.069278
0.092451
0.12305
0.299992
0.115894
0.198898
0.08687
0.033309
0.101308
0.024324
0.033408
0.110879
0.047574
0.062539
0.072067
0.062644
0.045683
0.288808
0.09378
0.085671
0.205233
0.072126
0.085731
0.115597
0.11651
0.064633
0.126191
0.276537
0.074341
0.141908
0.125631
0.082535
0.080137
0.100432
0.076742
0.120249
0.030099
0.084209
0.068556
0.138752
0.082505
0.031743
0.032047
0.105363
0.055826
0.151059
0.036249
0.080654
0.091356
0.107113
0.130661
0.031038
0.022181
0.035288
0.049728
0.171606
0.099709
0.119933
0.120806
0.107743
0.072573
0.103184
0.132117
0.075234
0.101495
0.050222
0.07276
0.138812
0.08672
0.12844
0.077063
0.132607
0.132786
0.018048
0.046981
0.055763
0.193267
0.058909
0.0855
0.082069
0.02855
0.080245
0.133346
0.077935
0.152198
0.068587
0.119078
0.143572
0.054789
0.069124
0.093027
0.059658
0.036167
0.070872
0.070018
0.077493
0.095572
0.101583
0.059537
0.325305
0.242492
0.139839
0.142006
0.03874
0.078425
0.056932
0.059098
0.074591
0.110634
0.074579
0.082087
0.052678
0.048471
0.139936
0.053996
0.059546
0.052192
0.182676
0.089966
0.137699
0.129785
0.121747
0.151275
0.027875
0.037745
0.033665
0.074867
0.132604
0.09152
0.067152
0.035946
0.145916
0.100381
0.139624
0.068422
0.183039
0.090146
0.148021
0.09789
0.591652
0.059671
0.08253
0.163755
0.100212
0.147714
0.11763
0.099466
0.099115
0.199638
0.103997
0.199171
0.058577
0.078072
0.081372
0.108422
0.148507
0.067361
0.140929
0.073657
0.081234
0.036917
0.108114
0.057771
0.142663
0.062658
0.179233
0.172845
0.131232
0.091727
0.115877
0.128329
0.082002
0.05334
0.121563
0.088748
0.218356
0.096261
0.136285
0.199137
0.089346
0.091964
0.06798
0.049065
0.042763
0.111326
0.066939
0.12824
0.169895
0.065755
0.089131
0.093363
0.141338
0.050641
0.104433
0.05824
0.072996
0.061724
0.063814
0.021604
0.059475
0.024719
0.069066
0.059079
0.051225
0.089317
0.053843
0.110611
0.12702
0.12913
0.024843
0.128411
0.058269
0.127297
0.079661
0.033747
0.028316
0.054536
0.032962
0.067532
0.121827
0.085212
0.155896
0.082453
0.214033
0.040747
0.127038
0.054286
0.090866
0.0595
0.071261
0.181434
0.075195
0.025961
0.069747
0.120847
0.037699
0.055823
0.072155
0.033326
0.052679
0.096905
0.092433
0.115862
0.08176
0.088516
0.05865
0.062877
0.031465
0.181772
0.067255
0.08952
0.14699
0.171507
0.147805
0.060264
0.092424
0.044025
0.067715
0.04444
0.10927
0.094183
0.173355
0.036824
0.109742
0.129463
0.048589
0.076402
0.045912
0.139557
0.038176
0.047417
0.124179
0.069877
0.090672
0.054428
0.089113
0.071403
0.109016
0.182647
0.070453
0.06208
0.073947
0.094264
0.167597
0.017235
0.060548
0.208018
0.146773
0.035798
0.085979
0.082984
0.117076
0.026515
0.161383
0.071363
0.044609
0.064063
0.061032
0.08406
0.058253
0.687701
0.16758
0.194257
0.163194
0.108632
0.109886
0.108126
0.092651
0.064977
0.184
0.063279
0.072876
0.06004
0.075748
0.113569
0.05472
0.133443
0.02553
0.095103
0.121079
0.076522
0.038079
0.057566
0.152677
0.039089
0.060555
0.040606
0.120865
0.163526
0.055778
0.237162
0.029176
0.109482
0.064186
0.121753
0.105073
0.088755
0.029292
0.045339
0.333594
0.062443
0.085747
0.103248
0.103307
0.170049
0.129309
0.113269
0.044798
0.119469
0.047728
0.062138
0.065594
0.093627
0.131331
0.137182
0.122626
0.084403
0.061686
0.099501
