0.057881
0.022976
0.018734
0.096571
0.019704
0.025472
0.021923
0.024957
0.016751
0.02214
0.019455
0.018051
0.141672
0.01739
0.023402
0.019257
0.022177
0.026909
0.021136
0.024639
0.03443
0.053456
0.019319
0.023598
0.141903
0.062296
0.039446
0.019837
0.016276
0.030035
0.019386
0.015196
0.018102
0.022669
0.025528
0.027274
0.016445
0.024229
0.016623
0.025136
0.030466
0.024315
0.017476
0.022326
0.026068
0.022702
0.027203
0.015559
0.01676
0.025987
0.022699
0.022023
0.019861
0.016195
0.022138
0.021882
0.025207
0.023749
0.020946
0.035843
0.016492
0.02138
0.028536
0.025844
0.023072
0.022051
0.017619
0.02253
0.025408
0.586732
0.0186
0.023133
0.023577
0.019232
0.018339
0.043318
0.027543
0.232158
0.029603
0.021021
0.015871
0.032824
0.017306
0.018836
0.023159
0.018472
0.016457
0.02694
0.01584
0.018331
0.090138
0.058721
0.5213
0.024425
0.149647
0.025069
0.021846
0.02391
0.024803
0.023345
0.017727
0.026071
0.021623
0.023346
0.015208
0.018616
0.022824
0.020792
0.017418
0.022508
0.01741
0.020518
0.021235
0.014919
0.649669
0.025325
0.02085
0.029236
0.016606
0.020539
0.022118
0.019173
0.01893
0.023376
0.017282
0.018191
0.027607
0.036333
0.024815
0.035338
0.014862
0.027945
0.021608
0.021775
0.020947
0.016686
0.028806
0.017214
0.015421
0.022207
0.019296
0.017505
0.017669
0.022015
0.029792
0.020663
0.015679
0.020153
0.027586
0.021748
0.015663
0.021811
0.116568
0.025552
0.020258
0.02387
0.017412
0.018497
0.016044
0.015778
0.022229
0.022308
0.017081
0.056799
0.015554
0.073215
0.020527
0.015545
0.033557
0.01683
0.033077
0.019532
0.03323
0.023995
0.021494
0.02726
0.019648
0.017069
0.022129
0.018019
0.021495
0.020222
0.018738
0.023963
0.017497
0.033087
0.051094
0.023396
0.025257
0.020356
0.022921
0.03328
0.09363
0.027258
0.014846
0.099756
0.028624
0.025002
0.017763
0.036238
0.021781
0.017456
0.026442
0.016354
0.016051
0.026528
0.016282
0.022901
0.592724
0.031151
0.024936
0.027245
0.027063
0.028946
0.016153
0.024336
0.01765
0.021348
0.01843
0.022919
0.025586
0.028223
0.026063
0.022517
0.01913
0.021276
0.015475
0.020733
0.027264
0.017008
0.016932
0.024385
0.015307
0.017218
0.020692
0.020622
0.021065
0.016526
0.022964
0.083412
0.01667
0.027669
0.02761
0.016343
0.018508
0.023839
0.02312
0.02657
0.025985
0.017394
0.02779
0.020919
0.023471
0.022382
0.017807
0.019271
0.026699
0.019442
0.021674
0.030051
0.026751
0.01998
0.022171
0.019499
0.03071
0.025477
0.018229
0.024556
0.020006
0.032122
0.019073
0.016769
0.02427
0.024205
0.03149
0.087289
0.019857
0.03402
0.075445
0.028479
0.026691
0.082625
0.025246
0.021064
0.02559
0.025866
0.0853
0.020459
0.015957
0.026976
0.022973
0.020702
0.057771
0.026359
0.019799
0.03218
0.031473
0.026385
0.017536
0.022003
0.027528
0.023384
0.031587
0.026324
0.018818
0.037043
0.018354
0.380488
0.026768
0.026096
0.019753
0.020063
0.018501
0.020973
0.022744
0.022264
0.025064
0.027456
0.020271
0.018559
0.021706
0.016231
0.016396
0.021907
0.015286
0.016264
0.055293
0.016244
0.016557
0.03435
0.01595
0.057252
0.020645
0.017682
0.027447
0.024809
0.025902
0.028963
0.017067
0.143841
0.023398
0.028681
0.025719
0.027941
0.021872
0.027315
0.026773
0.029061
0.021474
0.021602
0.019081
0.023526
0.035431
0.025894
0.023906
0.077335
0.02162
0.022403
0.016306
0.078567
0.017507
0.022534
0.022699
0.019402
0.025733
0.05754
0.01857
0.019185
0.023592
0.018608
0.018717
0.025747
0.022855
0.020463
0.078597
0.02324
0.032084
0.022083
0.016739
0.042579
0.023183
0.06783
0.016899
0.020171
0.021905
0.015575
0.02539
0.025364
0.024369
0.022722
0.019432
0.018162
0.03077
0.017196
0.021703
0.026122
0.01622
0.017326
0.01732
0.035943
0.038478
0.017542
0.042083
0.095243
0.023303
0.077421
0.060493
0.021783
0.068928
0.021585
0.0328
0.021949
0.026324
0.022481
0.016689
0.020757
0.021023
0.022478
0.036991
0.016461
0.023899
0.01934
0.019315
0.01982
0.02039
0.020883
0.017136
0.030913
0.024331
0.016084
0.016674
0.018935
0.017285
0.022125
0.025625
0.028427
0.030566
0.02259
0.025869
0.018077
0.016399
0.103655
0.027314
0.015728
0.017203
0.295853
0.025138
0.020649
0.042588
0.021983
0.022286
0.025624
0.044254
0.015175
0.022793
0.016306
0.035247
0.04455
0.020015
0.093841
0.018692
0.022661
0.026719
0.031435
0.112502
0.020702
0.027034
0.018661
0.035321
0.016684
0.019323
0.042866
0.021839
0.017022
0.028897
0.036975
0.026849
0.030634
0.022287
0.016877
0.019148
0.026605
0.022014
0.080266
0.021879
0.047656
0.021134
0.024286
0.031914
0.022309
0.016525
0.026567
0.017402
0.020683
0.019876
0.086736
0.029833
0.016765
0.028217
0.177325
0.047071
0.023527
0.10304
0.020312
0.031719
0.025191
0.019178
0.022475
0.020048
0.021142
0.02524
0.028958
0.023887
0.022528
0.021886
0.022494
0.019858
0.235251
0.033978
0.07852
0.029526
0.024501
0.025461
0.020465
0.022727
0.036528
0.025243
0.091112
0.028573
0.024696
0.024975
0.018764
0.019149
0.050719
0.022928
0.051022
0.022463
0.020081
0.022415
0.022547
0.018316
0.025163
0.024345
0.018763
0.024023
0.026903
0.021457
0.02493
0.02695
0.018244
0.102143
0.021644
0.026448
0.08768
0.034447
0.019155
0.016194
0.028631
0.056778
0.017501
0.036846
0.028878
0.025125
0.077444
0.020913
0.547698
0.024126
0.026184
0.029845
0.018391
0.01733
0.021767
0.126791
0.084027
0.051841
0.035999
0.017837
0.018551
0.026343
0.019444
0.022209
0.027354
0.029309
0.017632
0.022135
0.024573
0.031869
0.016428
0.024753
0.028055
0.016703
0.023814
0.02258
0.018057
0.028179
0.07929
0.022589
0.025835
0.021415
0.019511
0.029918
0.029779
0.024129
0.020598
0.038964
0.030161
0.047454
0.077514
0.01629
0.027087
0.02859
0.015904
0.361071
0.016311
0.021391
0.023937
0.024093
0.018227
0.024773
0.024118
0.028679
0.020165
0.021807
0.020943
0.019172
0.027243
0.0281
0.018248
0.019771
0.023743
0.022559
0.01627
0.023691
0.023413
0.021447
0.030679
0.025461
0.018
0.022684
0.016301
0.022443
0.01981
0.015726
0.019077
0.026275
0.022805
0.085643
0.016855
0.017523
0.026815
0.020028
0.087441
0.023803
0.016111
0.094366
0.020999
0.017226
0.097274
0.025794
0.016905
0.030452
0.025542
0.022986
0.067023
0.025729
0.020969
0.029134
0.020777
0.019599
0.027451
0.016619
0.017591
0.017649
0.017539
0.01883
0.018317
0.016282
0.024128
0.019322
0.016157
0.018522
0.03112
0.01703
0.020035
0.01686
0.018082
0.093619
0.016639
0.020501
0.018211
0.030715
0.032318
0.020936
0.018938
0.027353
0.018358
0.023899
0.023413
0.037641
0.019519
0.021501
0.021086
0.026076
0.016644
0.026191
0.060676
0.026075
0.031179
0.022894
0.037778
0.021934
0.022993
0.02613
0.023483
0.021299
0.029011
0.023155
0.02189
0.029919
0.093611
0.016209
0.022694
0.016819
0.026048
0.016386
0.023352
0.028297
0.025065
0.023926
0.020221
0.017436
0.074176
0.038682
0.02777
0.035348
0.041984
0.365439
0.020116
0.025187
0.025171
0.017591
0.02267
0.028699
0.020374
0.109852
0.023469
0.016973
0.023756
0.021142
0.016037
0.024843
0.025481
0.016881
0.022648
0.01709
0.029989
0.031849
0.02196
0.089173
0.015711
0.023713
0.032364
0.02092
0.015915
0.020003
0.082825
0.030651
0.016811
0.023477
0.043518
0.016464
0.020979
0.021393
0.041042
0.02901
0.020913
0.025161
0.020674
0.038474
0.020246
0.016641
0.024551
0.082655
0.024441
0.025587
0.090645
0.117203
0.029231
0.016169
0.020229
0.021559
0.017595
0.018492
0.076504
0.020336
0.017387
0.024296
0.028183
0.017478
0.020017
0.017747
0.02294
0.019079
0.019191
0.024087
0.015947
0.019243
0.030149
0.096717
0.022655
0.017602
0.028791
0.02464
0.023879
0.019717
0.088025
0.017216
0.022119
0.032487
0.029831
0.022089
0.025066
0.019544
0.023425
0.020721
0.018784
0.026589
0.075104
0.021201
0.018959
0.017321
0.019559
0.026294
0.023445
0.358207
0.023625
0.019834
0.024669
0.091559
0.016547
0.099406
0.02217
0.022095
0.024756
0.025865
0.026683
0.022316
0.029305
0.027673
0.015754
0.017423
0.02802
0.020164
0.020997
0.021089
0.019604
0.125232
0.021446
0.016859
0.032613
0.017166
0.01839
0.022279
0.020914
0.060532
0.028372
0.017096
0.026818
0.020375
0.023186
0.055558
0.020868
0.02005
0.024609
0.023513
0.027145
0.026975
0.020328
0.027237
0.028639
0.026102
0.017266
0.017768
0.016655
0.017021
0.017305
0.024729
0.018851
0.02028
0.01597
0.01997
0.024583
0.087929
0.019558
0.017832
0.027472
0.028226
0.019478
0.096778
0.027431
0.022295
0.029973
0.023059
0.024177
0.02273
0.025439
0.019676
0.578876
0.017634
0.331984
0.016357
0.020074
0.029179
0.022831
0.022536
0.153642
0.02579
0.023899
0.050588
0.04973
0.025205
0.015684
0.022944
0.01837
0.03155
0.018718
0.023131
0.024566
0.09585
0.019036
0.017425
0.017705
0.029815
0.016245
0.016481
0.024001
0.021775
0.017965
0.017996
0.022898
0.077745
0.017332
0.02291
0.03148
0.02197
0.027148
0.03057
0.021498
0.090192
0.07002
0.017638
0.016652
0.029118
0.019292
0.017318
0.027274
0.016286
0.016817
0.025471
0.021783
0.019532
0.016637
0.02138
0.01721
0.017471
0.026526
0.02034
0.022357
0.037224
0.024991
0.024697
0.015733
0.021248
0.022771
0.0162
0.021642
0.026584
0.090034
0.020095
0.021867
0.027805
0.026093
0.016854
0.03356
0.026129
0.024558
0.018214
0.020416
0.021767
0.019123
0.017552
0.035288
0.017009
0.022491
0.02053
0.015912
0.016697
0.020638
0.015975
0.022455
