0.065872
0.01779
0.026943
0.017855
0.023816
0.019615
0.015212
0.023094
0.016302
0.017693
0.02201
0.015493
0.01734
0.024825
0.016408
0.024074
0.022779
0.024857
0.015928
0.017749
0.018799
0.018923
0.024115
0.016124
0.026069
0.019519
0.066725
0.023707
0.015507
0.024373
0.023237
0.017089
0.018278
0.021999
0.016944
0.061554
0.022983
0.018107
0.015835
0.022957
0.024856
0.017586
0.026812
0.0163
0.018298
0.034563
0.022448
0.018513
0.022484
0.024592
0.017395
0.076559
0.02349
0.016694
0.021619
0.027495
0.022523
0.023137
0.016929
0.017517
0.023563
0.016283
0.024565
0.023649
0.015761
0.020152
0.024301
0.015985
0.536408
0.021721
0.016058
0.082893
0.016285
0.065968
0.026278
0.018184
0.017121
0.019626
0.016702
0.021369
0.021512
0.026519
0.017147
0.018867
0.015895
0.017273
0.02165
0.026446
0.024445
0.016223
0.017813
0.025766
0.016366
0.022
0.031023
0.017481
0.022724
0.020112
0.015943
0.023179
0.022948
0.019263
0.02352
0.03163
0.025116
0.026692
0.016577
0.016057
0.024013
0.023131
0.016959
0.027085
0.024937
0.018046
0.02566
0.019514
0.022555
0.015751
0.016382
0.093419
0.022842
0.020371
0.02204
0.021649
0.022933
0.024457
0.027416
0.017946
0.068016
0.022611
0.016795
0.027437
0.01732
0.025372
0.021745
0.017417
0.035976
0.017192
0.016219
0.024654
0.015311
0.016086
0.022559
0.032515
0.02465
0.023436
0.01873
0.021332
0.016891
0.072573
0.019052
0.021267
0.015731
0.090688
0.02251
0.015228
0.02826
0.015958
0.017488
0.022579
0.018672
0.014853
0.025099
0.020205
0.016867
0.027039
0.01932
0.019537
0.019966
0.573304
0.025267
0.017255
0.024057
0.017667
0.016846
0.026155
0.021302
0.017024
0.022634
0.017435
0.021692
0.02542
0.018279
0.018078
0.019378
0.016987
0.017508
0.017425
0.016708
0.033397
0.023525
0.022609
0.023994
0.022536
0.02013
0.023717
0.016655
0.016821
0.023858
0.016966
0.0161
0.023641
0.01884
0.018399
0.018629
0.026853
0.025265
0.023145
0.02544
0.025821
0.016372
0.017855
0.024496
0.023996
0.02519
0.078905
0.024064
0.018517
0.024599
0.018683
0.01809
0.015982
0.016613
0.0231
0.021755
0.026362
0.025012
0.01767
0.024311
0.412806
0.01766
0.016919
0.023859
0.02074
0.018592
0.028454
0.017175
0.017497
0.088385
0.02471
0.031708
0.023458
0.017156
0.015674
0.022652
0.080265
0.023646
0.023232
0.015855
0.020221
0.028336
0.018948
0.015746
0.033631
0.017876
0.016477
0.082107
0.017206
0.020842
0.025941
0.026868
0.01862
0.022394
0.024287
0.018306
0.025065
0.016737
0.027499
0.063992
0.01858
0.227465
0.05543
0.016192
0.019954
0.016746
0.050317
0.02394
0.018886
0.074671
0.016821
0.018625
0.049787
0.016242
0.015774
0.017438
0.015408
0.017297
0.022249
0.022657
0.016559
0.015461
0.016917
0.017433
0.042175
0.023948
0.282042
0.024769
0.025273
0.020866
0.020612
0.023386
0.02292
0.019856
0.017287
0.023339
0.024563
0.022591
0.020626
0.023359
0.016936
0.026333
0.020663
0.025235
0.017642
0.016994
0.025721
0.017584
0.023314
0.022913
0.019021
0.017955
0.218131
0.015362
0.017598
0.018273
0.022087
0.016936
0.018462
0.024779
0.026511
0.025225
0.02225
0.017787
0.027389
0.017066
0.019111
0.022804
0.015734
0.016076
0.02297
0.12697
0.02532
0.016414
0.018332
0.028953
0.016413
0.018334
0.022779
0.020502
0.030139
0.020806
0.019949
0.028549
0.017019
0.024152
0.085257
0.016234
0.019923
0.022241
0.025016
0.019181
0.023389
0.017156
0.016512
0.017373
0.045558
0.019113
0.023091
0.017818
0.022222
0.023335
0.018201
0.1039
0.021193
0.014689
0.053612
0.086988
0.019537
0.240984
0.029078
0.025628
0.039237
0.020435
0.02175
0.023465
0.016659
0.016214
0.029714
0.02215
0.025259
0.032776
0.015344
0.017775
0.022967
0.016585
0.018892
0.026022
0.017531
0.028944
0.094823
0.021956
0.023241
0.032689
0.016505
0.091064
0.017576
0.016828
0.015748
0.032198
0.017608
0.015657
0.025203
0.018175
0.017636
0.030978
0.096267
0.080326
0.043642
0.015747
0.016532
0.026734
0.020685
0.015748
0.023418
0.080612
0.021494
0.024237
0.075703
0.061026
0.022185
0.016353
0.023423
0.079427
0.023401
0.02316
0.015308
0.015452
0.018313
0.016583
0.023995
0.015813
0.015797
0.021469
0.020241
0.018241
0.021277
0.01918
0.609769
0.020971
0.023284
0.024287
0.019435
0.018671
0.025109
0.026701
0.018784
0.022738
0.016708
0.085119
0.06229
0.023851
0.029097
0.018225
0.015357
0.018656
0.016618
0.027158
0.030107
0.023567
0.022205
0.017848
0.020833
0.026701
0.017722
0.020751
0.022976
0.021885
0.015426
0.027139
0.017678
0.026332
0.018012
0.017451
0.040563
0.028544
0.018223
0.024354
0.016283
0.017174
0.021053
0.018332
0.023695
0.039499
0.015522
0.017276
0.02096
0.024737
0.024799
0.543228
0.018402
0.0188
0.094815
0.022032
0.020979
0.025643
0.018004
0.018635
0.028573
0.022864
0.018956
0.023491
0.021502
0.016493
0.016603
0.018011
0.02978
0.020583
0.015593
0.018457
0.025797
0.072364
0.0168
0.016482
0.026156
0.105976
0.023685
0.025051
0.02181
0.05039
0.017697
0.022177
0.023191
0.018592
0.032772
0.022931
0.016107
0.018738
0.02648
0.015418
0.031123
0.030572
0.022725
0.023297
0.026476
0.019333
0.018189
0.021601
0.017696
0.019107
0.018205
0.01645
0.027108
0.103308
0.016859
0.018295
0.085258
0.024883
0.025975
0.023647
0.018749
0.018695
0.023938
0.021732
0.017541
0.024763
0.0205
0.019935
0.023205
0.015526
0.022695
0.024449
0.025669
0.022293
0.024443
0.07226
0.030319
0.018683
0.01551
0.016319
0.018205
0.031019
0.020541
0.016488
0.08704
0.019378
0.016105
0.080848
0.022805
0.021695
0.020644
0.018165
0.022104
0.017167
0.02237
0.043909
0.021422
0.019825
0.028881
0.022874
0.032768
0.021992
0.02138
0.025402
0.015667
0.016179
0.022749
0.096724
0.01684
0.018867
0.015928
0.026494
0.019103
0.016006
0.057543
0.017381
0.022895
0.025079
0.020232
0.016843
0.021425
0.060539
0.023933
0.042641
0.026371
0.023873
0.471153
0.01613
0.019433
0.022523
0.016505
0.023833
0.02261
0.021537
0.021619
0.026303
0.017177
0.017769
0.021887
0.016849
0.02254
0.018219
0.016803
0.023503
0.017972
0.068479
0.021837
0.017567
0.038883
0.022181
0.08158
0.018498
0.019142
0.021065
0.02029
0.015762
0.023724
0.023372
0.018976
0.01853
0.018388
0.020769
0.020879
0.023905
0.021209
0.019772
0.016482
0.016692
0.01643
0.016949
0.016139
0.022906
0.015797
0.015411
0.018073
0.017511
0.097311
0.025673
0.015854
0.055801
0.027014
0.020752
0.015356
0.02134
0.024021
0.017088
0.025237
0.022083
0.016616
0.07995
0.018817
0.060405
0.016904
0.022313
0.0177
0.016995
0.02163
0.015901
0.020094
0.017975
0.022217
0.017209
0.015837
0.022097
0.020118
0.015446
0.020669
0.018838
0.021645
0.017768
0.021426
0.02258
0.020503
0.016048
0.023517
0.017868
0.022257
0.022875
0.078011
0.015356
0.025183
0.01905
0.01562
0.021371
0.02209
0.0203
0.022671
0.016664
0.409494
0.017226
0.021106
0.022723
0.077155
0.015285
0.026199
0.021207
0.01526
0.021984
0.02644
0.028331
0.018001
0.015558
0.021475
0.017298
0.028574
0.017484
0.016901
0.028066
0.023559
0.023952
0.029594
0.021898
0.099052
0.020107
0.038998
0.025615
0.028168
0.024657
0.020394
0.021955
0.027009
0.017703
0.020477
0.022841
0.156891
0.023339
0.018878
0.02186
0.025799
0.020976
0.021229
0.023518
0.021284
0.020533
0.018194
0.018883
0.064031
0.057752
0.023153
0.024024
0.017068
0.01591
0.032258
0.018474
0.015878
0.021919
0.01711
0.021496
0.027319
0.022299
0.0153
0.022495
0.016997
0.039777
0.018183
0.02034
0.05077
0.017235
0.016758
0.028968
0.016178
0.022335
0.579033
0.01688
0.351474
0.066839
0.016773
0.023312
0.020394
0.015333
0.022784
0.017822
0.015408
0.022635
0.027077
0.026026
0.025875
0.018636
0.018608
0.025691
0.015568
0.020448
0.024341
0.018508
0.016117
0.022929
0.058228
0.015934
0.022447
0.017717
0.019075
0.016556
0.016101
0.080608
0.018206
0.022151
0.031796
0.028791
0.023313
0.027748
0.015822
0.015871
0.02471
0.020924
0.015656
0.024977
0.017053
0.027478
0.024158
0.020465
0.022144
0.018907
0.023158
0.016018
0.021326
0.017225
0.027133
0.017104
0.015124
0.018255
0.015657
0.015547
0.070571
0.015718
0.026982
0.068793
0.016426
0.02252
0.047452
0.01875
0.019694
0.016597
0.015689
0.015054
0.019091
0.066951
0.019377
0.024976
0.023092
0.016371
0.017546
0.026269
0.075066
0.01766
0.022028
0.076436
0.023598
0.017539
0.019246
0.083176
0.019637
0.021853
0.027288
0.022427
0.021179
0.025308
0.022689
0.016009
0.025458
0.016599
0.031493
0.015517
0.02369
0.022828
0.016757
0.0196
0.021225
0.018481
0.025838
0.023273
0.016497
0.020965
0.026241
0.023151
0.016064
0.021305
0.023429
0.021514
0.023467
0.016165
0.015693
0.016404
0.018623
0.023307
0.016127
0.016493
0.022705
0.023514
0.02117
0.0218
0.018722
0.070806
0.024289
0.019432
0.019709
0.024928
0.01608
0.017429
0.016101
0.117525
0.03053
0.016677
0.016516
0.024046
0.020299
0.016277
0.031589
0.019302
0.016759
0.027726
0.06698
0.023629
0.078535
0.015383
0.022621
0.024333
0.018924
0.016937
0.025331
0.015844
0.016039
0.023648
0.016244
0.024594
0.090427
0.017171
0.021444
0.023998
0.018172
0.015199
0.021577
0.015761
0.015897
0.043451
0.09835
0.042045
0.028448
0.060419
0.026582
0.019549
0.022294
0.020631
0.019913
0.049009
0.020731
0.020005
0.024767
0.062341
0.021659
0.02517
0.017399
0.036288
0.015388
0.02109
0.026009
0.019953
0.017878
0.028215
0.023951
0.018797
0.030419
