0.402712
0.451023
0.439458
0.441828
0.422775
0.522417
0.448252
0.629476
0.603561
0.513444
0.483369
0.672663
0.724283
0.514403
0.435022
0.54789
0.397817
0.573245
0.561998
0.437068
0.449431
0.466183
0.462108
0.494234
0.453829
0.53518
0.468444
0.444157
0.48838
0.393883
0.439295
0.453521
0.482775
0.438269
0.44265
0.435225
0.473961
0.467456
0.508756
0.536761
0.457842
0.431485
0.540651
0.528488
0.53633
0.514633
0.364999
0.534232
0.402251
0.475684
0.460045
0.56536
0.43475
0.530594
0.382227
0.51067
0.45411
0.461595
1.253892
0.573951
0.342888
0.45363
0.725426
0.483518
0.461391
0.411243
0.455907
0.633716
0.396611
0.589554
0.455798
0.532223
0.512355
0.629806
0.514268
0.591169
0.45538
0.489754
0.566829
0.483833
0.576722
0.489592
0.498945
0.38126
0.413439
0.442197
0.42364
0.503102
0.637648
0.447002
0.402429
0.655484
0.419252
0.421823
0.406543
0.554513
0.379281
0.515124
0.437653
0.412588
0.463196
0.519429
0.480307
0.56424
0.334414
0.438562
0.412544
0.808298
0.415255
0.344208
0.483509
0.463843
0.445058
0.496571
0.402038
0.560084
0.319161
0.414232
0.423801
0.455411
0.569637
0.297238
0.495236
0.442443
0.608831
0.373643
0.652557
0.574129
0.428193
0.516958
0.636417
0.368323
0.653858
0.504267
0.525793
0.494332
0.524278
0.571204
0.331891
1.642109
0.498063
0.463097
0.523645
0.612205
0.377058
0.421833
0.529841
0.584458
0.424152
0.5868
0.492512
0.523478
0.506382
0.510344
0.449973
0.351352
0.613193
0.475797
0.589454
0.347637
0.555241
0.740682
0.460133
0.527738
0.486156
0.403752
0.379625
0.446105
0.431934
0.625076
0.454104
0.488356
0.338055
0.579919
0.43429
0.420369
0.498024
0.407186
0.505511
0.537976
0.522745
0.461714
0.487882
0.44223
0.498888
0.509728
0.52987
0.554183
0.422859
0.428698
0.446316
0.695045
0.383255
0.537303
1.092535
0.418466
0.576365
0.599599
0.496323
0.449747
0.389029
0.507654
0.42945
0.451999
0.554611
0.607352
0.485058
0.409278
0.380888
0.503369
0.533015
0.503239
0.441525
0.392767
0.355861
0.559085
0.336745
0.478225
0.393386
0.562176
0.35305
0.489194
0.394657
0.526927
0.453643
0.311709
0.612598
0.438877
0.443693
0.426269
0.450615
0.538148
0.557161
0.546218
0.481107
0.459114
0.490123
0.615031
0.422104
0.435153
0.443297
0.418692
0.513609
0.445536
0.671609
0.46755
0.410163
0.503745
0.566643
0.550211
0.455507
0.50695
0.354073
0.484293
0.492315
0.453668
0.523902
0.498359
0.419535
0.437214
0.420346
0.502964
0.39361
0.80956
0.469648
0.606797
0.42893
0.53792
0.495619
0.442032
0.547867
0.517007
0.522781
0.400777
0.430111
0.405583
0.450777
0.349849
0.470589
0.54222
0.439928
0.39282
0.517968
0.504086
0.810388
0.511256
0.497892
0.810185
7.838395
0.513375
0.496051
0.379126
0.414192
0.402684
0.304746
0.498451
0.506007
0.50081
0.424551
0.455043
0.423308
0.47337
0.509329
0.512961
0.373188
0.441809
0.482632
0.478509
0.466243
0.468224
0.32021
0.526422
0.485363
0.353639
0.471141
0.420232
0.540973
0.386743
0.461019
0.386233
0.501758
0.544328
0.409697
0.504218
0.384412
0.391482
0.413108
0.44305
0.473121
0.483945
0.522966
0.38917
0.466156
0.436864
0.464766
0.473216
0.463577
0.535691
0.403185
0.541648
0.385302
0.47248
0.520466
0.449211
0.473756
0.451324
0.485747
0.600616
0.449529
0.535744
0.447938
0.479978
0.352946
0.502944
0.432348
0.51727
0.346032
0.692733
0.435955
0.501839
0.447129
0.410259
0.354689
0.399163
0.361851
0.569896
0.41053
0.819986
0.43009
0.373097
0.539564
0.465979
0.444109
0.452222
0.360318
9.639892
0.335554
0.395618
0.587831
0.504169
0.454246
0.480859
0.404825
0.527107
0.561747
0.432951
0.495002
0.533597
0.492424
0.484255
0.564083
0.540225
0.478212
0.372813
0.419648
0.519972
0.595988
0.567239
0.414218
0.492248
0.495271
0.555141
0.34473
0.53424
0.592004
0.394634
0.466747
0.436142
0.394794
0.529556
0.442455
0.469081
0.63426
0.652113
0.472728
0.427458
0.736217
0.41207
0.462979
0.395583
0.58354
0.640953
0.423816
0.563762
0.472449
0.42803
0.415149
0.416556
0.533731
1.016757
0.509347
0.478646
0.573607
0.514238
0.558111
0.443567
0.62773
0.443046
0.418651
0.414845
0.366491
0.597806
0.44021
0.482388
0.437043
0.398677
0.551537
0.424449
0.34657
0.311139
0.583665
0.492904
0.501318
0.361027
0.747978
0.551233
0.42602
0.565378
0.4625
0.439884
0.379357
0.515518
0.473676
0.461652
0.348849
0.519233
0.365717
0.510318
0.431699
0.44236
0.41916
0.462855
0.340504
0.325253
0.563894
0.461254
0.400021
0.592763
0.410043
0.444659
0.36352
0.625595
0.462715
0.483915
0.474152
0.422543
0.514162
0.514242
0.400941
0.628871
0.530104
0.313441
0.540042
0.41059
0.39522
0.433211
0.586927
0.456263
0.59905
0.582222
0.406389
0.408363
0.566157
0.582796
0.366714
0.506563
0.495164
0.545378
0.458134
0.533289
0.520294
0.691101
0.504546
0.501141
0.465599
0.497286
0.409839
0.56671
0.400998
0.464375
0.365338
0.493574
0.40565
0.49982
0.546017
0.431955
0.407319
0.610097
0.413399
0.449354
0.518395
0.710034
0.513445
0.60618
0.44347
0.490181
0.369531
0.587563
0.573921
0.468846
0.508839
0.550711
0.344919
0.450128
0.510222
0.503402
0.523693
0.410033
0.604079
1.489117
0.456466
0.407924
0.407319
0.465928
0.410019
0.403073
0.720675
0.463342
0.450188
0.582961
0.465381
0.401958
0.432129
0.35977
0.576944
0.524423
0.375077
0.497165
0.410406
0.431511
0.421395
0.525595
0.520043
0.497992
0.417583
0.3971
0.465697
0.471566
0.391065
0.527242
0.449536
0.479817
0.473222
0.544845
0.460006
0.527836
0.417866
0.460877
0.434331
0.373366
0.415897
0.480265
1.223175
0.500981
0.397464
0.537042
0.443239
0.459223
0.51646
0.735425
0.495431
0.387058
0.478356
0.542274
0.5493
0.486261
0.53549
0.44073
0.499323
0.513858
0.523929
0.482745
0.492324
0.47578
0.455674
0.505995
0.56192
0.666462
0.491364
0.48669
0.495837
0.404686
0.558853
0.427677
0.673933
0.512556
0.447185
0.565504
0.457188
0.455027
0.444672
0.662194
0.436795
0.382059
0.484056
0.371481
0.514388
0.372129
0.580636
0.480594
0.505903
0.466652
0.882661
0.501731
0.346953
0.498952
0.344809
0.395222
0.474138
0.590107
0.398707
0.444362
0.395795
0.515757
0.513655
0.418218
0.527146
0.481633
0.385156
0.612588
0.555877
0.41667
0.605679
0.433555
0.482184
0.514342
0.29312
0.484191
0.628627
0.440958
0.467963
0.399591
0.546931
0.422718
0.485705
0.605027
0.358984
0.47026
0.429104
0.524422
0.50857
0.511386
0.373898
0.536769
0.299376
0.416308
0.356937
0.598263
0.40217
0.525499
0.508656
0.529235
0.508145
0.441759
0.446123
0.676986
0.481941
0.565336
0.425934
0.584868
0.444156
0.584229
0.526673
0.495049
0.546842
0.455957
0.320436
0.385531
0.451805
0.423304
0.509789
0.615879
0.451416
0.632792
0.508184
0.475654
0.450772
0.472504
0.516645
0.492301
0.504197
0.453912
0.5467
0.564242
0.405845
0.643425
0.327242
0.508002
0.426074
0.400568
0.527071
0.531383
0.487132
0.476627
0.474269
0.487119
0.52661
0.44757
0.554249
0.69805
0.578039
0.494305
0.655205
0.594057
0.506199
1.626726
0.506294
0.447894
0.549156
0.394773
0.410607
0.588125
0.496668
0.527896
0.444109
0.478757
0.477254
0.461039
0.444165
0.540726
0.472145
0.590558
0.436116
0.504343
0.51883
0.444268
0.423506
0.549138
0.384486
0.53235
0.44014
0.465382
0.468395
0.417013
0.53684
0.439029
0.450168
0.357738
0.543545
0.409783
0.421477
0.520058
0.479557
0.421802
0.740775
0.450048
0.432346
0.51657
0.405803
0.546905
0.369017
0.519606
0.532104
0.382065
0.479445
0.495493
0.527882
0.536769
0.605368
0.470223
0.486706
0.428472
0.555988
0.493724
0.503842
0.391601
0.492035
0.416122
0.4802
0.484111
0.424602
0.430067
0.59102
0.540765
0.644636
0.495175
0.607663
0.427489
0.606528
0.429411
0.504081
0.414208
0.494705
0.425494
0.552839
0.524394
0.566333
0.417065
0.412918
0.433526
0.484745
0.36662
1.026229
0.543824
0.555265
0.97458
0.327779
0.423031
0.353755
0.54285
0.405662
0.560612
0.422982
0.437119
0.629026
0.376937
0.503843
0.422901
0.516103
0.563615
0.400524
0.556562
0.427704
0.586118
0.456848
0.529212
0.489672
0.537257
0.369022
0.466884
0.473408
0.403296
0.405784
0.443081
0.321871
0.44215
0.737721
0.598962
0.41234
0.52825
0.359103
0.488583
0.420714
0.496575
0.424216
0.535625
0.548365
0.624263
0.425538
0.49469
0.481683
0.558551
0.648416
0.459772
0.420234
0.566802
0.449029
0.427096
0.409548
0.632715
0.527722
0.616517
0.450128
0.476083
0.583825
0.545602
0.439671
0.548991
0.574375
0.427656
0.472481
0.588853
0.562548
0.478047
0.564304
0.452492
0.374836
1.470055
0.463016
0.454622
0.495942
0.39326
0.633389
0.466171
0.435495
0.463405
0.446672
0.536567
0.435297
0.330864
0.530831
0.495918
0.362313
0.4941
0.741634
0.394291
0.674564
0.826243
0.603181
0.434444
0.469849
0.435029
0.470128
0.540364
0.545509
0.390235
0.454398
0.487385
0.957501
0.508065
0.33277
0.469574
0.477989
0.398773
0.404607
0.443869
0.627696
0.421699
0.522289
0.409315
0.413063
0.462275
0.354671
0.415337
0.449695
0.436475
0.52452
0.363933
0.490045
0.422247
0.504241
0.440775
0.534906
0.374367
0.494853
0.52987
0.464717
0.567524
0.445095
0.544626
0.47973
0.46393
0.41418
0.553806
0.543897
0.404955
0.402965
0.454793
0.434558
0.510625
0.524336
0.497067
0.526937
0.404282
0.448373
0.383518
0.443438
0.514557
0.46054
0.438118
0.407764
0.533329
0.454005
0.652541
0.448848
0.383419
0.495501
0.449447
0.470399
0.499066
