0.021018
0.021459
0.016508
0.01708
0.017361
0.017412
0.016236
0.016025
0.024943
0.020739
0.019892
0.017482
0.016234
0.02315
0.018566
0.015449
0.022354
0.095114
0.023561
0.063864
0.018241
0.020197
0.023332
0.016759
0.027817
0.017149
0.016474
0.022606
0.017574
0.016236
0.025849
0.016563
0.041053
0.024255
0.015739
0.016698
0.015995
0.022622
0.016342
0.0231
0.016111
0.021012
0.024255
0.016653
0.016412
0.513639
0.028048
0.018198
0.079755
0.018934
0.020167
0.024295
0.019677
0.016165
0.021666
0.020179
0.099595
0.020419
0.024813
0.033738
0.015872
0.015787
0.020665
0.017616
0.015357
0.072861
0.016455
0.020421
0.074423
0.021721
0.018637
0.01722
0.017796
0.016307
0.017243
0.018721
0.016247
0.017885
0.022728
0.016521
0.017433
0.035478
0.020396
0.026445
0.027584
0.036634
0.020786
0.022692
0.018692
0.062327
0.017005
0.016272
0.016597
0.022009
0.027643
0.019778
0.026862
0.016883
0.017721
0.022746
0.017556
0.021336
0.024363
0.016936
0.026844
0.022119
0.067489
0.021857
0.017141
0.016548
0.026212
0.022175
0.015931
0.029803
0.020672
0.021339
0.021724
0.039017
0.047794
0.016295
0.023667
0.018109
0.021015
0.017936
0.018177
0.027286
0.0178
0.029695
0.021878
0.017688
0.026364
0.016725
0.081231
0.024675
0.016452
0.02078
0.027417
0.019642
0.019632
0.023147
0.01661
0.019216
0.02408
0.020586
0.017156
0.025212
0.045792
0.018565
0.042053
0.031083
0.020016
0.031405
0.02233
0.093864
0.032754
0.021096
0.018475
0.025255
0.018501
0.02097
0.027482
0.022818
0.018247
0.025214
0.016612
0.031292
0.02475
0.04816
0.018327
0.032396
0.613367
0.02762
0.016712
0.021631
0.016356
0.027148
0.021503
0.022124
0.019896
0.016635
0.026181
0.023893
0.034115
0.022219
0.024485
0.023531
0.022203
0.024315
0.019424
0.01775
0.028733
0.016641
0.142735
0.094849
0.020223
0.017114
0.019635
0.026157
0.02646
0.019399
0.023048
0.019104
0.015849
0.078469
0.017094
0.026245
0.02211
0.020471
0.023042
0.024991
0.018721
0.030291
0.016768
0.032622
0.021339
0.01888
0.02393
0.024428
0.024259
0.024746
0.020465
0.035291
0.018812
0.016489
0.015644
0.021557
0.023924
0.018682
0.018214
0.025439
0.097162
0.029778
0.044324
0.026105
0.021391
0.019345
0.025971
0.025119
0.022733
0.02553
0.019477
0.027435
0.014855
0.02927
0.33896
0.022189
0.024755
0.015408
0.024306
0.015572
0.027132
0.021407
0.01647
0.023236
0.01974
0.024014
0.023308
0.020677
0.080502
0.016934
0.02314
0.17422
0.023132
0.024297
0.026445
0.016829
0.019727
0.025294
0.017159
0.026966
0.023375
0.016905
0.031302
0.017464
0.022021
0.090922
0.026573
0.017566
0.03406
0.016397
0.02262
0.025309
0.018112
0.091391
0.033976
0.028799
0.024605
0.019691
0.022184
0.02342
0.016982
0.017158
0.029619
0.103417
0.02186
0.024223
0.01696
0.025988
0.017087
0.019209
0.027954
0.023515
0.025501
0.02013
0.0224
0.084469
0.019022
0.019542
0.027169
0.018082
0.020278
0.020683
0.024636
0.017707
0.022158
0.01699
0.018092
0.022435
0.019432
0.018544
0.020946
0.033569
0.02149
0.019994
0.02571
0.028514
0.020737
0.024143
0.017104
0.025245
0.024582
0.022204
0.032984
0.022545
0.029136
0.018237
0.020571
0.017984
0.017615
0.025259
0.026108
0.02644
0.026093
0.036435
0.026995
0.032025
0.026919
0.023809
0.017621
0.036797
0.02193
0.020974
0.016023
0.021846
0.02183
0.01773
0.023165
0.018014
0.027779
0.031385
0.071281
0.021232
0.017502
0.025424
0.030305
0.019426
0.030039
0.118379
0.020035
0.022249
0.120367
0.017876
0.022105
0.02546
0.032338
0.029392
0.116701
0.030159
0.021579
0.016387
0.025613
0.024105
0.022447
0.028508
0.023098
0.02248
0.020497
0.018225
0.025571
0.017525
0.017331
0.022351
0.022663
0.044195
0.084094
0.018123
0.018137
0.023724
0.016861
0.027028
0.022235
0.020932
0.021742
0.024312
0.018284
0.107834
0.024057
0.025114
0.051863
0.020595
0.018608
0.071907
0.017088
0.021038
0.026932
0.019247
0.019132
0.024834
0.085409
0.042392
0.024394
0.024762
0.496052
0.020121
0.020145
0.020103
0.08203
0.032668
0.017161
0.019128
0.030192
0.138503
0.024526
0.085121
0.016608
0.01939
0.070608
0.023641
0.022004
0.094786
0.02021
0.062891
0.027197
0.036993
0.018462
0.023212
0.021654
0.045309
0.015699
0.068918
0.019309
0.01806
0.019319
0.021397
0.025255
0.020536
0.017211
0.022465
0.024456
0.02575
0.078291
0.017737
0.025784
0.025902
0.016054
0.017125
0.021994
0.022295
0.016525
0.028495
0.032808
0.021504
0.016987
0.023289
0.015826
0.081318
0.016438
0.016869
0.027181
0.022824
0.022245
0.026579
0.016538
0.024318
0.015551
0.021311
0.022872
0.024667
0.025044
0.02037
0.017804
0.019983
0.017133
0.020151
0.024914
0.02541
0.021636
0.019024
0.01769
0.017147
0.016371
0.021875
0.028279
0.020233
0.048047
0.020421
0.023515
0.060421
0.056225
0.025001
0.027912
0.026672
0.025664
0.061073
0.027202
0.028023
0.026497
0.017021
0.024387
0.021938
0.022893
0.036165
0.022007
0.019105
0.025083
0.032594
0.023466
0.017363
0.022145
0.031519
0.01791
0.023413
0.028545
0.017649
0.018191
0.03052
0.017919
0.021056
0.024806
0.018189
0.019479
0.023131
0.02495
0.017584
0.016386
0.01579
0.081132
0.088048
0.01996
0.023843
0.023075
0.021982
0.032212
0.163552
0.020759
0.022689
0.026507
0.021874
0.034002
0.016615
0.025118
0.044466
0.032447
0.018853
0.032881
0.025202
0.01877
0.030576
0.022678
0.017745
0.535205
0.02656
0.017574
0.024236
0.022691
0.018118
0.028428
0.023776
0.023406
0.021021
0.084475
0.02873
0.073511
0.019805
0.015873
0.025129
0.025725
0.018728
0.023326
0.021867
0.016021
0.022427
0.045719
0.021474
0.526152
0.02422
0.024311
0.023509
0.073437
0.025643
0.017224
0.023337
0.034759
0.020142
0.02002
0.015897
0.020627
0.021064
0.021824
0.029075
0.062037
0.016011
0.021702
0.025755
0.021909
0.025185
0.030946
0.016502
0.021449
0.363145
0.024014
0.02565
0.028464
0.015442
0.023791
0.023963
0.025687
0.019897
0.077242
0.031637
0.017895
0.023077
0.0308
0.020598
0.02908
0.023825
0.018034
0.01719
0.017362
0.026629
0.021537
0.021703
0.022244
0.017845
0.021541
0.022049
0.031818
0.248666
0.026935
0.020324
0.028322
0.028498
0.020589
0.024462
0.02377
0.016227
0.019931
0.022354
0.018647
0.029633
0.017766
0.035937
0.024143
0.021346
0.017423
0.070914
0.024433
0.034292
0.031716
0.026235
0.016367
0.030302
0.032222
0.018763
0.099439
0.02075
0.036593
0.029061
0.017961
0.0343
0.026976
0.018165
0.025394
0.021498
0.028315
0.161844
0.032625
0.028578
0.090081
0.018396
0.022104
0.019819
0.031861
0.024506
0.023949
0.026801
0.060414
0.027344
0.026295
0.024169
0.02225
0.0259
0.026836
0.022536
0.025368
0.02046
0.023185
0.023336
0.02526
0.016461
0.050878
0.016895
0.028577
0.377333
0.028038
0.537514
0.01872
0.020396
0.028088
0.020516
0.016613
0.038086
0.100203
0.016744
0.022596
0.03588
0.02231
0.017485
0.025776
0.058272
0.023236
0.016724
0.022531
0.022453
0.026879
0.070412
0.025559
0.025885
0.02857
0.023986
0.026315
0.017218
0.02216
0.024572
0.024626
0.077291
0.023511
0.016842
0.031759
0.026955
0.019637
0.016436
0.032635
0.019407
0.330284
0.017584
0.021144
0.025058
0.031209
0.027838
0.018632
0.077361
0.015568
0.016269
0.021781
0.031448
0.03679
0.028602
0.082905
0.022555
0.030932
0.021253
0.020705
0.017604
0.016672
0.026694
0.019253
0.018285
0.029046
0.021757
0.01796
0.028761
0.016207
0.024827
0.028038
0.015879
0.020915
0.022152
0.022979
0.030102
0.017839
0.022988
0.026042
0.023372
0.02146
0.021851
0.020585
0.028265
0.019953
0.025844
0.027613
0.023263
0.02207
0.017069
0.016737
0.030254
0.02245
0.025143
0.024477
0.074282
0.023214
0.084264
0.017858
0.020954
0.090795
0.022482
0.022809
0.113379
0.021676
0.017539
0.038121
0.015396
0.017151
0.023233
0.020671
0.017854
0.024737
0.071355
0.018779
0.020556
0.027098
0.029384
0.018679
0.023512
0.031123
0.020764
0.021724
0.071713
0.01943
0.551377
0.017389
0.023054
0.027418
0.020336
0.081175
0.029622
0.015707
0.023615
0.017393
0.023222
0.02178
0.016959
0.027131
0.019197
0.025678
0.021988
0.017289
0.023935
0.038028
0.082166
0.025937
0.050129
0.039169
0.024577
0.073144
0.025363
0.023141
0.024047
0.016305
0.026891
0.115924
0.025839
0.019737
0.027246
0.01874
0.021279
0.018949
0.073969
0.025618
0.025141
0.477682
0.021986
0.016593
0.027721
0.01734
0.01756
0.039555
0.018073
0.020662
0.017209
0.087063
0.016042
0.029939
0.04263
0.021624
0.01661
0.017158
0.023977
0.029114
0.016718
0.023202
0.027238
0.021229
0.018631
0.023469
0.015686
0.021313
0.016793
0.047609
0.01771
0.020091
0.028813
0.034908
0.021497
0.024791
0.023439
0.020452
0.030588
0.024613
0.023041
0.024413
0.028694
0.029487
0.07793
0.025102
0.030926
0.017697
0.047853
0.018427
0.022132
0.032011
0.016651
0.016431
0.030831
0.023453
0.429832
0.057605
0.016464
0.035523
3.039774
0.017759
0.08631
0.023179
0.025015
0.021966
0.02322
0.018321
0.074337
0.016864
0.015496
0.524497
0.036828
0.016642
0.014648
0.039395
0.015892
0.017354
0.019299
0.017184
0.015869
0.068928
0.022737
0.026035
0.016048
0.081015
0.01653
0.019772
0.021454
0.021224
0.016888
0.030365
0.021953
0.040107
0.020434
0.023027
0.053549
0.048282
0.022209
0.023952
0.047501
0.060107
0.01638
0.020146
0.023302
0.016903
0.078226
0.021084
0.021941
0.026775
0.016248
0.016607
0.026207
0.023576
0.016085
0.026809
0.083266
0.027645
0.024967
0.016075
0.029211
