0.361953
0.240051
0.385799
1.023599
0.250097
0.243042
0.313345
0.251367
0.287658
0.269226
0.311415
0.243288
0.286488
0.234063
0.239273
0.251539
0.264553
0.259805
3.036852
0.309803
0.299263
0.262466
1.622027
0.24138
0.567269
0.324419
0.246971
0.558097
0.242593
0.239115
0.29522
0.243192
0.318624
0.333354
0.251284
0.246457
0.276839
0.237111
0.376623
0.241285
0.261947
0.367835
0.295818
0.24595
0.277995
0.273593
0.248592
0.258279
0.24504
0.325261
0.398843
0.243303
0.398803
0.300184
0.258832
0.326862
0.252184
0.256946
0.239723
0.318072
0.293747
0.267376
0.437177
0.245977
0.324568
0.248351
0.280292
0.264353
0.266755
0.247921
0.257716
0.312692
0.261304
0.361005
0.32222
0.246981
0.290848
0.35033
0.288087
0.251051
0.245274
0.30764
0.263181
0.248392
0.377228
0.281968
0.313334
0.290086
0.269114
0.297422
0.273356
0.25387
0.255797
0.457839
0.246476
0.25411
0.286822
0.284072
0.26355
0.301859
0.256523
0.24314
0.334679
0.26472
0.24698
0.386761
0.285582
0.246886
0.256423
0.248644
0.23806
0.399333
0.24239
0.280631
0.298154
0.265347
0.3687
0.246723
0.324341
0.301051
0.242298
0.249702
0.325598
0.318844
0.417818
0.251888
0.293035
0.395659
0.245777
0.30683
0.320323
0.300098
0.359382
0.289741
0.246565
0.305279
0.25235
0.359057
0.311961
0.279354
0.327299
0.284253
0.263261
0.387764
0.248662
0.263984
0.240576
0.283663
0.262268
0.259119
0.252433
0.500687
0.2783
0.297514
0.313343
0.32158
0.352139
0.30344
0.251621
0.301546
0.294067
0.259923
0.247485
0.346896
0.244471
0.315326
0.305331
0.260544
0.286058
0.274119
0.287993
0.299716
0.24486
0.361664
0.260315
0.268875
0.31646
0.636762
0.28271
0.316143
0.321347
0.264922
0.268501
0.248895
0.321916
0.242052
0.242827
0.323158
0.264753
0.254349
0.339844
0.248684
0.333016
0.269947
0.241469
0.251209
0.371705
0.240569
0.247985
0.259033
0.268241
0.365844
0.239777
0.257843
0.311133
0.24492
0.261079
0.314342
0.375279
0.296504
0.244973
0.318348
0.274434
0.241245
0.309435
0.334937
0.341487
0.243392
0.255376
0.35847
0.29391
0.346603
0.318479
0.300106
0.260542
0.260923
0.294144
0.281692
0.404615
0.260977
0.283709
0.249093
0.2896
0.383147
0.298991
0.244895
0.265904
0.24472
0.272571
0.269215
0.234419
0.270762
0.375037
0.292083
0.260515
0.258812
0.308208
0.297995
0.324051
0.239411
0.38986
0.294552
0.278839
0.260027
0.252742
0.24397
0.334573
0.308274
0.328375
0.281138
0.340024
0.256974
0.341464
0.270494
0.293008
0.252825
0.270594
0.250768
0.306142
0.280068
0.261903
0.2776
0.248342
0.281392
0.311934
0.235949
0.263206
0.348749
0.253264
0.270359
0.303098
0.292507
0.254124
0.241555
0.252171
0.327407
0.250975
0.343554
0.321371
0.278867
0.283661
0.249083
0.310632
0.31132
0.28617
0.29857
0.255238
0.388128
0.311858
0.31859
0.350901
0.250044
0.316259
0.264775
0.300976
0.303328
0.278399
0.268701
0.352721
0.282812
0.365777
0.285001
0.254667
0.268611
0.253417
0.336665
0.249058
0.334438
0.242151
0.265525
0.364487
0.252324
0.262975
0.249859
0.30391
0.307661
0.337462
0.261231
0.253121
0.261105
0.344051
0.244751
0.31144
0.293781
0.257539
0.292925
0.299976
0.239789
0.317468
0.253325
0.262363
0.348892
0.255088
0.262054
0.32648
0.773707
0.35256
0.250161
0.402898
0.256192
0.349496
0.25033
0.252285
0.257059
0.307859
0.252119
0.270296
0.252755
0.298621
0.368289
0.26388
0.333909
0.243314
0.244968
0.256172
0.38207
0.26717
0.337672
0.243742
0.285652
0.31527
0.326591
0.273639
0.246962
0.251294
0.404604
0.281549
0.368241
0.345482
0.244993
0.26345
0.363811
0.266891
0.294611
0.280093
0.283743
0.289202
0.251022
0.347068
0.255532
0.250345
0.376126
0.270089
0.249508
0.283958
0.312664
0.239038
0.268315
0.317105
0.276195
0.308249
0.259249
0.279396
0.262757
0.257119
0.323946
0.30677
0.274741
0.254231
0.359893
0.243505
0.34741
0.27065
0.264731
0.26712
0.313799
0.254237
0.267371
0.295988
0.296485
0.28175
0.278157
0.273958
0.250514
0.245303
0.308853
0.247555
0.301726
0.247711
0.257095
0.33461
0.254651
0.261661
0.322665
0.249663
0.279944
0.285155
0.27536
0.267768
0.24909
0.380062
0.247563
0.28651
0.267337
0.319148
0.244292
0.283422
0.261302
0.281853
0.316652
0.24406
0.253741
0.312964
0.241615
0.324264
0.244291
0.265768
0.289903
0.262196
0.276113
0.287538
0.27018
0.307123
0.304365
0.274179
0.239912
0.25988
0.270643
0.26196
0.271389
0.259585
0.244946
0.277725
0.258448
0.259579
0.373998
0.262338
0.293081
0.298239
0.26619
0.310041
0.303476
0.311415
0.314089
0.25389
0.308714
0.260055
0.310273
0.269128
0.448976
0.252559
0.333806
0.282392
0.25249
0.3044
0.334662
0.242201
0.303094
0.251755
0.381738
0.470689
0.267164
0.287441
0.255387
0.332488
0.245189
0.30112
0.298214
0.243933
0.245771
0.357431
0.257538
0.404475
0.608382
0.391826
0.317949
0.368735
0.36089
0.243559
0.266888
0.340744
0.244645
0.350008
0.249489
0.267567
0.324338
0.290825
0.278208
0.250846
0.256083
0.3888
0.252696
0.265443
0.257024
0.307713
0.239766
0.259699
0.343146
0.251235
0.241721
0.259687
0.292654
0.257963
0.278944
0.326387
0.253395
0.272778
0.280717
0.2518
0.282964
0.265471
0.422397
0.32216
0.282635
0.245222
0.271196
0.315313
0.258484
0.256433
0.346361
0.241504
0.260175
0.307771
0.368919
0.294809
0.373548
0.28175
0.271031
0.279324
0.261404
0.240765
0.24839
0.277864
0.249176
0.333951
0.258574
0.332568
0.303989
0.246896
0.273779
0.308515
0.265521
0.261788
0.301036
0.249054
0.400283
0.275518
0.354286
0.263531
0.261847
0.324263
0.254454
0.245569
0.267923
0.239871
0.254139
0.399439
0.336773
0.270229
0.281037
0.254286
0.248801
0.2951
0.253498
0.310687
0.274667
0.241839
0.422853
0.298738
0.241345
0.267319
0.287979
0.242242
0.310783
0.262133
0.323042
0.240452
0.262192
0.256388
0.351281
0.233872
0.339643
0.307519
0.262178
0.305844
0.265927
0.259899
0.430148
0.252475
0.25019
0.262769
0.378443
0.252165
0.509207
0.273744
0.25975
0.328065
0.27382
0.318322
0.263393
0.277711
0.311665
0.2983
0.320399
0.365332
0.244445
0.342453
0.247513
0.35168
0.266531
0.263388
0.288366
0.349177
0.243669
0.293799
0.310073
0.266298
0.346857
0.261969
0.280798
0.289979
0.257635
0.396209
0.248184
0.394805
0.248707
0.375636
0.288222
0.25887
0.271492
0.295098
0.259335
0.255862
0.371278
0.253736
0.244741
0.27384
0.596614
0.283232
0.264532
0.322268
0.315674
0.319911
0.275379
0.269624
0.271448
0.337871
0.250874
0.301933
0.275193
0.25455
0.263257
0.287806
0.250652
0.297064
0.367804
0.304377
0.341729
0.31461
0.253682
0.334586
0.258793
0.262309
0.289995
0.258929
0.390767
0.257856
0.280339
0.362981
0.251816
0.296376
0.256439
0.258208
0.250009
0.289838
0.27918
0.259505
0.291282
0.245896
0.240222
0.281899
0.243906
0.258278
0.269121
0.300127
0.271904
0.255014
0.244251
0.484835
0.253621
0.305371
0.248168
0.27403
0.24637
0.298992
0.287173
0.243957
0.24735
0.263167
0.269607
0.319037
0.251736
0.286979
0.277164
0.253785
0.332106
0.239916
0.270695
0.266408
0.291628
0.311352
0.256827
0.326743
0.357903
0.258382
0.319813
0.249087
0.346849
0.309168
0.247741
0.268732
0.323599
0.282733
0.316105
0.249873
0.425926
0.256331
0.246604
0.25364
0.337993
0.351538
0.250332
0.458438
0.259267
0.382207
0.242636
0.241185
0.274793
0.307949
0.272778
0.275835
0.303893
0.249202
0.284369
0.250174
0.349131
0.263555
0.245598
0.284535
0.313876
0.268415
0.318151
0.421775
0.286876
0.263538
0.357515
0.325102
0.266679
0.310899
0.302771
0.394171
0.362436
0.272954
0.261148
0.271311
0.262598
0.269073
0.253838
0.258218
0.282123
0.292057
0.264326
0.257442
0.265058
0.297782
0.292558
0.264961
0.287604
0.251191
0.31673
0.248648
0.269357
0.26199
0.354763
0.316613
0.252013
0.270675
0.284652
0.250336
0.290707
0.261979
0.296734
0.313648
0.264225
0.304866
0.276258
0.260004
0.314286
0.240815
0.253389
0.368754
0.257033
0.268349
0.336455
0.674825
0.238196
0.326264
0.272626
0.408767
0.247397
0.309882
0.33479
0.341764
0.261867
0.255704
0.257184
0.357419
0.290993
0.435351
0.241394
0.276166
0.243365
0.331304
0.265107
0.313904
0.320233
0.251585
0.365935
0.253676
0.248688
0.286591
0.254284
0.277532
0.334927
0.266779
0.249645
0.332153
0.301241
0.254592
0.275026
0.397863
0.250956
0.3172
0.287864
0.272431
0.347721
0.294396
0.24606
0.304433
0.292287
0.25894
0.386204
0.261436
0.274493
0.340124
0.236248
0.251376
0.250398
0.296875
0.270858
0.244648
0.294995
0.322481
0.397221
0.284394
0.256327
0.249377
0.330025
0.262282
0.25964
0.244104
0.309489
0.246941
0.336394
0.253329
0.319068
0.320488
0.284273
0.279244
0.325691
0.282809
0.236269
0.274822
0.331756
0.247866
0.39504
0.260742
0.338846
0.254039
0.263179
0.257953
0.297991
0.353959
0.341463
0.347331
0.317095
0.269589
0.248379
0.337667
0.25555
0.258051
0.275921
0.32389
0.274467
0.248773
0.381572
0.320043
0.269425
0.300088
0.246424
0.254299
0.312355
0.321992
0.264514
0.254664
0.242987
0.36363
0.247005
0.264966
0.346082
0.344526
0.279762
0.323711
0.253147
0.355254
0.273793
0.265891
0.260338
0.374632
0.260547
0.26192
0.262236
0.31755
0.248078
0.310934
0.260122
0.313923
0.247041
0.301315
0.392399
0.248296
0.318308
0.24757
0.25209
0.362047
0.310806
0.276045
0.334013
0.250213
0.287353
0.258725
0.301315
0.271612
0.355466
0.327615
0.247919
0.275025
0.318063
0.272147
0.280506
