0.024984
0.016573
0.022075
0.021691
0.015038
0.022888
0.072475
0.014328
0.020774
0.015037
0.018048
0.095647
3.025979
0.01619
0.018003
0.021431
0.01552
0.015858
0.023139
0.015164
0.014896
0.019549
0.027931
0.018109
0.02633
0.031625
0.016719
0.01517
0.023089
0.025231
0.018687
0.100803
0.026484
0.091358
0.032162
0.022388
0.034305
0.01831
0.015618
0.091107
0.020218
0.015557
0.018558
0.01466
0.019964
0.026622
0.018132
0.020117
0.022461
0.0182
0.020352
0.021433
0.016455
0.014641
0.408327
0.018508
0.018076
0.020629
0.014827
0.017981
0.028593
0.033627
0.030916
0.03865
0.0316
0.024889
0.040274
0.101675
0.023233
0.05262
0.046214
0.039241
0.044455
0.031934
0.099252
0.038937
0.042136
0.036664
0.110738
0.037405
0.037524
0.026221
0.034804
0.035974
0.02799
0.044533
0.035183
0.02999
0.026118
0.332214
0.036031
0.039748
0.043292
0.017949
0.022566
0.02054
0.015137
0.024404
0.022874
0.01461
0.016766
0.022503
0.015191
0.084147
0.021539
0.022501
0.015272
0.083824
0.01993
0.01568
0.020277
0.023253
0.015233
0.06898
0.030476
0.016461
0.018054
0.030151
0.015367
0.014855
0.077031
0.014936
0.01495
0.022197
0.019874
0.015981
0.020588
0.020078
0.022291
0.046842
0.014251
0.027574
0.085807
0.017039
0.020147
0.020728
0.017693
0.068701
0.019691
0.015391
0.021942
0.017017
0.015865
0.021369
0.014889
0.015378
0.073414
0.015738
0.014482
0.018816
0.016167
0.028861
0.018367
0.017949
0.022023
0.033122
0.023852
0.017822
0.023431
0.023333
0.095534
0.032288
0.025498
0.022701
0.017271
0.018123
0.020881
0.022996
0.018526
0.027932
0.015976
0.014995
0.023517
0.015543
0.072595
0.022084
0.018488
0.094202
0.015314
0.014647
0.024959
0.015111
0.02539
0.029375
0.015264
0.015563
0.016677
0.02069
0.013828
0.019658
0.075375
0.01699
0.020895
0.015906
0.014754
0.019923
0.017312
0.015866
0.02621
0.024555
0.015868
0.023717
0.023761
0.014886
0.060911
0.019045
0.013922
0.025747
0.014514
0.017973
0.022152
0.016241
0.026027
0.018301
0.016039
0.022498
0.017917
0.014637
0.021361
0.016776
0.022141
0.061976
0.019466
0.014953
0.026184
0.035824
0.105285
0.016114
0.024819
0.021384
0.019947
0.016318
0.036339
0.01453
0.020336
0.082822
0.023845
0.027345
0.02276
0.017389
0.018982
0.024598
0.015778
0.02053
0.023827
0.015958
0.027119
0.021376
0.017445
0.015688
0.018706
0.022193
0.024214
0.017593
0.017684
0.018444
0.014943
0.020083
0.024113
0.016968
0.015701
0.016277
0.336512
0.016117
0.014485
0.021602
0.019089
0.100547
0.015437
0.015361
0.023839
0.016467
0.020518
0.016722
0.019533
0.02029
0.015202
0.016662
0.013619
0.013877
0.08669
0.017077
0.01938
0.016458
0.028282
0.017272
0.029302
0.020345
0.015425
0.020198
0.021883
0.017515
0.030929
0.028993
0.03091
0.014602
0.023216
0.048209
0.015614
0.016866
0.0225
0.014935
0.016474
0.074295
0.016539
0.020734
0.025156
0.014202
0.015542
0.0753
0.014608
0.016328
0.023851
0.014958
0.022605
0.018691
0.016283
0.019753
0.017931
0.019047
0.019524
0.021751
0.019482
0.029438
0.01836
0.015381
0.103625
0.015855
0.023504
0.021384
0.01521
0.023389
0.020978
0.015972
0.016816
0.022078
0.017583
0.018386
0.0171
0.017516
0.087038
0.014127
0.022332
0.020308
0.016928
0.014442
0.022786
0.022797
0.10733
0.015803
0.01786
0.025073
0.041369
0.016077
0.019248
0.020096
0.020719
0.015948
0.014761
0.030777
0.017002
0.015708
0.021971
0.015774
0.019354
0.020189
0.017472
0.024537
0.020022
0.022697
0.022109
0.014642
0.017388
0.021001
0.017009
0.017079
0.013769
0.016108
0.041905
0.015674
0.096432
0.021663
0.021041
0.024049
0.016697
0.016992
0.022857
0.016867
0.025796
0.025468
0.017713
0.015681
0.079615
0.017443
0.0219
0.035278
0.015688
0.019166
0.025549
0.015134
0.015724
0.015785
0.01703
0.020079
0.091766
0.088698
0.013395
0.020272
0.014721
0.018284
0.017949
0.080051
0.014391
0.013518
0.016479
0.018631
0.014029
0.017902
0.066712
0.028289
0.021148
0.017681
0.016937
0.031834
0.0194
0.022806
0.025753
0.018695
0.016904
0.020623
0.015356
0.024995
0.015143
0.019783
0.01696
0.015379
0.030068
0.015207
0.019628
0.017225
0.018014
0.024576
0.01818
0.027054
0.030847
0.016091
0.017559
0.03495
0.015215
0.014083
0.07755
0.017492
0.015841
0.022425
0.019916
0.016778
0.022513
0.033152
0.018774
0.115597
0.014543
0.024177
0.019267
0.01531
0.028783
0.025863
0.0151
0.018225
0.016923
0.019145
0.0221
0.020594
0.015545
0.020341
0.014643
0.090019
0.018314
0.015902
0.025042
0.0234
0.01643
0.076848
0.016729
0.016064
0.078589
0.016687
0.022951
0.018484
0.017181
0.020854
0.017868
0.018351
0.01822
0.020701
0.015315
0.014911
0.022945
0.020959
0.016985
0.026533
0.021914
0.014999
0.015423
0.020027
0.016801
0.014207
0.032454
0.023055
0.020014
0.016178
0.019346
0.042475
0.016925
0.015928
0.019806
0.017418
0.016521
0.021553
0.018183
0.021122
0.017178
0.022499
0.019783
0.02613
0.017998
0.017131
0.014815
0.025013
0.016403
0.02264
0.023182
0.015256
0.014816
0.02487
0.014711
0.021047
0.020883
0.0157
0.014127
0.016224
0.016733
0.020724
0.01505
0.018052
0.023257
0.015976
0.059417
0.019373
0.017276
0.017056
0.019875
0.01515
0.013718
0.019543
0.019857
0.017669
0.022129
0.025305
0.015651
0.020305
0.022708
0.024363
0.024615
0.018048
0.01932
0.020727
0.016596
0.088209
0.016305
0.017909
0.022074
0.014243
0.014106
0.02203
0.016837
0.014181
0.023427
0.014699
0.029234
0.024423
0.017362
0.021123
0.021476
0.016728
0.017498
0.020222
0.014906
0.01783
0.019465
0.021357
0.016165
0.022383
0.013859
0.019924
0.019173
0.016707
0.075718
0.018022
0.043705
0.021634
0.03279
0.015004
0.018438
0.017607
0.021201
0.01694
0.015704
0.021761
0.019592
0.021578
0.022692
0.074839
0.013839
0.019738
0.016268
0.015494
0.020861
0.023171
0.01503
0.018904
0.015205
0.014563
0.022389
0.014326
0.0154
0.021085
0.017555
0.015287
0.022082
0.017725
0.017065
0.105129
0.017464
0.017787
0.116267
0.017303
0.093064
0.018162
0.015337
0.021151
0.029758
0.018246
0.025387
0.01758
0.029378
0.018429
0.016281
0.019726
0.017917
0.01499
0.021816
0.046458
0.025532
0.016176
0.014455
0.015584
0.015587
0.018793
0.020612
0.015657
0.018743
0.01412
0.016715
0.028263
0.015926
0.016816
0.025932
0.014222
0.016779
0.022387
0.016926
0.013739
0.019633
0.023969
0.022936
0.025584
0.015317
0.016373
0.01626
0.017786
0.017862
0.015227
0.019534
0.014184
0.088771
0.027145
0.022109
0.015622
0.02463
0.016266
0.018271
0.022733
0.016747
0.014679
0.025057
0.014759
0.015665
0.024967
0.015877
0.018543
0.058255
0.015274
0.013793
0.086817
0.020266
0.013644
0.054214
0.063264
0.017882
0.015337
0.013776
0.025151
0.014173
0.018211
0.021405
0.033407
0.013831
0.018888
0.018057
0.020381
0.015436
0.013554
0.016946
0.021849
0.016313
0.021176
0.017673
0.017496
0.023145
0.020706
0.015346
0.018019
0.018808
0.01773
0.022871
0.021226
0.077865
0.018696
0.015731
0.016279
0.024659
0.015756
0.017636
0.020813
0.0146
0.020662
0.020919
0.072371
0.023048
0.073292
0.013341
0.016778
0.02205
0.025976
0.015506
0.023777
0.016571
0.017343
0.022793
0.015664
0.019695
0.016142
0.013957
0.026948
0.016245
0.017581
0.063146
0.015349
0.013995
0.020357
0.016404
0.025783
0.028786
0.015048
0.017931
0.093959
0.015367
0.016585
0.021188
0.014875
0.026923
0.030918
0.014295
0.055485
0.014872
0.020761
0.024339
0.018669
0.015431
0.018855
0.014395
0.013854
0.020552
0.019977
0.015551
0.025082
0.013472
0.016936
0.03107
0.016069
0.014098
0.022494
0.018449
0.017381
0.025197
0.015677
0.022886
0.015228
0.015423
0.019602
0.015384
0.019893
0.019685
0.015097
0.013772
0.045745
0.015796
0.110093
0.016637
0.014054
0.016457
0.015237
0.016179
0.014726
0.014746
0.020658
0.016711
0.017211
0.020361
0.01509
0.020019
0.024062
0.017479
0.02573
0.014151
0.014817
0.092293
0.019622
0.017889
0.020526
0.01872
0.026239
0.01691
0.034764
0.025166
0.021139
0.024776
0.027507
0.016561
0.016931
0.015065
0.014914
0.024464
0.023923
0.086464
0.022978
0.02568
0.028157
0.018854
0.018353
0.417938
0.014306
0.01681
0.019247
0.03792
0.013999
0.015158
0.01466
0.024737
0.015338
0.023274
0.023502
0.016713
0.018111
0.022697
0.018101
0.016004
0.016116
0.019123
0.01853
0.016491
0.016344
0.015259
0.016681
0.023192
0.02071
0.021202
0.020235
0.06977
0.013567
0.019518
0.016112
0.014847
0.025119
0.015475
0.018761
0.02125
0.025597
0.015852
0.03078
0.021108
0.101391
0.015046
0.01742
0.025379
0.014541
0.015924
0.017066
0.019631
0.019845
0.017187
0.032499
0.019611
0.01361
0.018496
0.021465
0.017321
0.015682
0.05397
0.013884
0.022802
0.020787
0.016985
0.02086
0.020362
0.016442
0.015441
0.020016
0.01544
0.013689
0.024559
0.014272
0.016018
0.019787
0.020675
0.016127
0.014374
0.01602
0.020167
0.015378
0.021153
0.021074
0.078474
0.014326
0.020841
0.014726
0.021478
0.03655
0.013813
0.015509
0.020365
0.018287
0.014754
0.019646
0.015873
0.016877
0.027953
0.01783
0.018686
0.027423
0.017711
0.019345
0.016335
0.015996
0.018748
0.014635
0.021522
0.019377
0.018896
0.017055
0.019718
0.014448
0.017083
0.019765
0.016167
0.016556
0.016112
0.015583
0.020111
0.017085
0.015569
0.023097
0.016353
0.015141
0.02122
0.016752
0.015521
0.01975
0.017568
0.013546
0.030584
0.018612
0.018871
0.023483
0.019293
0.023111
0.021194
0.090396
0.106297
0.014763
