0.026568
0.019967
0.023615
0.018345
0.016003
0.021385
0.019314
0.021752
0.037824
0.016971
0.016599
0.030031
0.017525
0.015738
0.016568
0.016976
0.023619
0.01485
0.076488
0.021712
0.020812
0.015887
0.018049
0.018153
0.028273
0.016533
0.015243
0.024421
0.015448
0.020736
0.027839
0.016593
0.026452
0.022561
0.600739
0.0194
2.63285
0.10932
0.017921
0.022713
0.023618
0.017432
0.026044
0.015333
0.01636
0.019874
0.015262
0.016479
0.021897
0.492485
0.016272
0.015032
0.021375
0.022194
0.017046
0.015066
0.024021
0.019981
0.016949
0.02319
0.020705
0.015791
0.017508
0.021402
0.0153
0.021262
0.01812
0.019831
0.02613
0.016024
0.025183
0.015045
0.022003
0.014918
0.017076
0.02202
0.017172
0.028828
0.068912
0.015657
0.01932
0.021836
0.017339
0.015118
0.015756
0.016763
0.024183
0.023936
0.084552
0.01548
0.035037
0.019423
0.01795
0.020523
0.020966
0.025697
0.029049
0.0202
0.017388
0.016627
0.01681
0.021883
0.092119
0.026748
0.015357
0.019607
0.022664
0.015253
0.019714
0.015534
0.01555
0.021151
0.014672
0.01579
0.017724
0.017641
0.078679
0.019576
0.016394
0.022246
0.039752
0.016721
0.017657
0.026148
0.024773
0.016911
0.018263
0.016992
0.016049
0.023172
0.028693
0.01948
0.016929
0.016895
0.023353
0.019543
0.021501
0.025392
0.017154
0.026043
0.02574
0.022047
0.024672
0.027477
0.026167
0.027559
0.022106
0.025128
0.01605
0.086803
0.019756
0.026219
0.017004
0.09007
0.023866
0.023696
0.020368
0.017424
0.016531
0.028332
0.019577
0.015958
0.042186
0.019993
0.025749
0.015156
0.016599
0.027561
0.019165
0.016967
0.026277
0.025942
0.019075
0.029916
0.016949
0.042941
0.022457
0.0152
0.023455
0.024099
0.020825
0.017243
0.023601
0.038809
0.017299
0.025979
0.021535
0.024392
0.020542
0.080296
0.018628
0.026407
0.056329
0.018087
0.02518
0.021465
0.017941
0.579494
0.023964
0.046988
0.021628
0.017303
0.022742
0.019681
0.01855
0.022593
0.01992
0.015896
0.027368
0.0178
0.018678
0.052391
0.039825
0.041848
0.017352
0.016514
0.050343
0.016382
0.024046
0.023372
0.094838
0.142003
0.017631
0.016256
0.024017
0.024558
0.016025
0.022982
0.018511
0.016967
0.0486
0.132516
0.016009
0.017443
0.02118
0.023085
0.023911
0.025041
0.031248
0.026371
0.027913
0.030863
0.0233
0.039831
0.024079
0.037447
0.029557
0.021415
0.016378
0.024131
0.022927
0.030758
0.031597
0.022325
0.029065
0.024679
0.023652
0.017621
0.029101
0.017244
0.02219
0.022568
0.01964
0.035446
0.021125
0.022004
0.026921
0.031226
0.070932
0.027375
0.02229
0.024131
0.017412
0.018651
0.024508
0.024647
0.073636
0.025151
0.016853
0.116457
0.025584
0.016443
0.027578
0.016601
0.019162
0.02599
0.036046
0.041695
0.02372
0.02677
0.021511
0.019127
0.033645
0.017723
0.035099
0.040074
0.02172
0.027198
0.025323
0.026092
0.024397
0.028007
0.028686
0.050801
0.083998
0.016593
0.019659
0.08234
0.02693
0.017271
0.022127
0.025632
0.026869
0.028444
0.026301
0.030533
0.02065
0.485632
0.032288
0.02379
0.036564
0.024298
0.027475
0.024699
0.022584
0.023584
0.023509
0.026651
0.017146
0.023126
0.021887
0.024971
0.024061
0.01898
0.025872
0.034647
0.018403
0.080773
0.024261
0.051095
0.016979
0.02458
0.028196
0.027258
0.107499
0.023065
0.021259
0.021024
0.018068
0.023265
0.02182
0.017396
0.016772
0.0255
0.026027
0.022271
0.020215
0.026036
0.023775
0.024697
0.020092
0.020685
0.023138
0.030458
0.027809
0.023109
0.01787
0.025557
0.028666
0.018737
0.014988
0.024007
0.025366
0.033123
0.02225
0.018256
0.023796
0.024185
0.050696
0.021767
0.018337
0.023372
0.016365
0.01884
0.02873
0.024363
0.027101
0.022357
0.019272
0.01614
0.017836
0.475264
0.036312
0.019009
0.023334
0.016275
0.020001
0.023012
0.021672
0.092387
0.01824
0.022868
0.024207
0.03095
0.021441
0.018046
0.017703
0.13184
0.015913
0.017008
0.027397
0.016181
0.016713
0.027881
0.022409
0.127205
0.01962
0.019348
0.029635
0.028802
0.016691
0.018689
0.020358
0.023392
0.024717
0.020481
0.027817
0.018459
0.025525
0.02622
0.024434
0.015938
0.271696
0.021663
0.025875
0.02465
0.026479
0.018169
0.040935
0.028388
0.016117
0.027904
0.028052
0.025098
0.14242
0.017475
0.042347
0.046113
0.021457
0.01691
0.020021
0.039884
0.016663
0.034084
0.0221
0.023238
0.0161
0.016086
0.02667
0.039951
0.017745
0.027462
0.016873
0.026581
0.051209
0.015333
0.084725
0.018076
0.019432
0.032721
0.019133
0.021744
0.028432
0.016977
0.022836
0.032651
0.024313
0.019344
0.017029
0.016346
0.025481
0.03691
0.016466
0.018461
0.022731
0.027152
0.061047
0.016075
0.025535
0.062685
0.016962
0.025645
0.029392
0.018698
0.016048
0.02506
0.025955
0.016525
0.036614
0.017472
0.027646
0.023859
0.078019
0.024601
0.017492
0.025871
0.178868
0.092343
0.024831
0.030961
0.034586
0.0204
0.027163
0.020929
0.018331
0.021503
0.01532
0.025823
0.050165
0.023987
0.02286
0.028044
0.021345
0.024974
0.021836
0.042082
0.018951
0.032337
0.029353
0.018272
0.025922
0.025489
0.025285
0.01721
0.018594
0.018253
0.022069
0.024625
0.026957
0.019135
0.031023
0.016506
0.024469
0.033498
0.086352
0.08251
0.021688
0.093279
0.026635
0.025755
0.094924
0.025821
0.027215
0.031003
0.02225
0.016641
0.022609
0.02496
0.019607
0.019661
0.024946
0.022522
0.533497
0.024031
0.024257
0.041964
0.024568
0.03644
0.026591
0.019306
0.026482
0.185795
0.020952
0.025604
0.024254
0.09533
0.026928
0.022733
0.028966
0.028753
0.033661
0.03874
0.025382
0.022884
0.026605
0.02085
0.024998
0.020993
0.029956
0.027238
0.021435
0.027073
0.017921
0.020166
0.089129
0.025713
0.09596
0.026438
0.028471
0.099629
0.02606
0.030129
0.09268
0.016464
0.017033
0.025031
0.024561
0.045406
0.021507
0.053172
0.021616
0.018254
0.023704
0.021939
0.022951
0.029156
0.020273
0.025618
0.022469
0.020998
0.041585
0.016415
0.025788
0.023754
0.03456
0.036164
0.018181
0.02055
0.021203
0.022323
0.029194
0.054524
0.019911
0.022094
0.025796
0.021499
0.023263
0.016283
0.030677
0.017256
0.016624
0.026015
0.050696
0.030101
0.026198
0.036716
0.048281
0.077338
0.019379
0.036033
0.023547
0.020269
0.021344
0.024977
0.091937
0.031385
0.025593
0.024367
0.027314
0.027339
0.024862
0.032626
0.019105
0.029845
0.083979
0.021116
0.027561
0.018414
0.030256
0.020573
0.029384
0.017554
0.024286
0.023383
0.016342
0.029264
0.016383
0.015905
0.022611
0.021597
0.02206
0.020908
0.083084
0.025289
0.021138
0.171922
0.184654
0.03593
0.019441
0.021363
0.026729
0.086135
0.025793
0.026478
0.069391
0.030598
0.056697
0.02997
0.027069
0.024236
0.057121
0.025912
0.57861
0.027071
0.026893
0.026365
0.026359
0.028695
0.025728
0.018011
0.025733
0.026547
0.022517
0.138686
0.018916
0.02205
0.031853
0.016138
0.016809
0.028768
0.019236
0.016913
0.029885
0.017338
0.016046
0.655729
0.017499
0.029052
0.022347
0.056967
0.027243
0.021009
0.029245
0.024303
0.01723
0.018205
0.023206
0.020659
0.033235
0.026205
0.020607
0.02207
0.018773
0.020566
0.023549
0.020188
0.024695
0.035077
0.598612
0.017614
0.016966
0.016927
0.016126
0.0249
0.027374
0.022528
0.027105
0.023528
0.042026
0.038887
0.020386
0.017066
0.022381
0.179003
0.020008
0.01856
0.027339
0.113094
0.026443
0.019501
0.02
0.029076
0.034565
0.06327
0.345874
0.030903
0.021282
0.025622
0.031282
0.017639
0.123451
0.021107
0.017958
0.024382
0.016898
0.019552
0.021379
0.021793
0.039351
0.016017
0.02138
0.029327
0.021321
0.021206
0.023342
0.02836
0.021561
0.026525
0.025809
0.023588
0.058861
0.020366
0.022835
0.03887
0.030467
0.02601
0.025625
0.031539
0.033456
0.016297
0.020136
0.027871
0.023932
0.105343
0.017993
0.027443
0.048088
0.027442
0.022161
0.024848
0.030013
0.024814
0.021979
0.021638
0.031255
0.088506
0.021882
0.025969
0.028
0.0258
0.026368
0.025214
0.018377
0.017719
0.136158
0.02418
0.082758
0.239847
0.021308
0.440021
0.028113
0.021072
0.026004
0.033393
0.039525
0.017733
0.025682
0.052898
0.022244
0.10078
0.029314
0.026454
0.027534
0.102385
0.022796
0.016306
0.026104
0.135623
0.015618
0.023053
0.023019
0.016384
0.01668
0.01774
0.02428
0.027408
0.025006
0.029684
0.016118
0.016724
0.022949
0.018612
0.018755
0.105789
0.015984
0.022715
0.032084
0.239305
0.024793
0.016275
0.01629
0.037288
0.019223
0.021106
0.085066
0.017673
0.015939
0.030753
0.034374
0.016716
0.022712
0.020485
0.018043
0.031142
0.025083
0.0256
0.024706
0.017181
0.021981
0.020817
0.016391
0.02942
0.093274
0.019493
0.110547
0.021456
0.036246
0.01908
0.022406
0.028227
0.022403
0.022231
0.02214
0.021423
0.030003
0.023726
0.017365
0.030136
0.020774
0.022391
0.017515
0.028155
0.032176
0.025825
0.026136
0.025417
0.025179
0.017663
0.026258
0.022108
0.024054
0.03023
0.069774
0.025416
0.018194
0.030724
0.039568
0.020192
0.023412
0.016386
0.122178
0.01612
0.023378
0.034037
0.028682
0.056345
0.062549
0.02125
0.031931
0.025505
0.031738
0.028166
0.030307
0.038365
0.033167
0.024936
0.097845
0.033759
0.371664
0.026033
0.022404
0.057258
0.043211
0.023893
0.018804
0.019958
0.02859
0.020709
0.028653
0.018875
0.018321
0.038467
0.017188
0.018438
0.087504
0.032827
0.031448
0.021738
0.023096
0.024817
0.020365
0.01685
0.033414
0.020068
0.020712
0.026049
0.02607
0.022069
0.018267
0.140136
0.027976
0.019461
0.017346
0.021326
0.025601
0.032485
0.021221
0.028091
0.514928
0.020656
