0.27359
0.304706
0.269638
0.293999
0.252314
0.233851
0.250333
0.315335
0.250128
0.335826
0.27809
0.292092
0.239743
0.245274
0.2583
0.324562
0.439328
0.410745
0.289365
0.242152
0.262722
0.240874
0.281258
0.280104
0.339943
0.339228
0.25643
0.280283
0.251989
0.271259
0.362468
0.339083
0.257114
0.249204
0.289875
0.281683
0.261262
0.25837
0.256813
0.362905
0.246754
0.245357
0.244301
0.295201
0.258658
0.288089
0.242491
0.249517
0.296449
0.247046
0.246052
0.247076
0.284782
0.277276
0.244001
0.243038
0.286069
0.295243
0.269837
0.260213
0.294114
0.258904
0.243695
0.32092
0.291991
0.250939
0.340756
0.235191
0.239303
0.273363
0.239438
0.23697
0.299964
0.239492
0.235483
0.260797
0.242846
0.301372
0.331036
0.245254
0.294936
0.242104
0.256109
0.253208
0.319827
0.239625
0.282876
0.29196
0.265366
0.266136
0.260605
0.330489
0.308522
0.253175
0.248114
0.266935
0.406623
0.236741
0.275678
0.256169
0.297966
0.277917
0.278826
0.286809
0.264753
0.250941
0.260563
0.238055
0.248634
0.267055
0.299268
0.237363
0.315807
0.25175
0.290809
0.311092
0.243225
0.305221
0.252145
0.294147
0.248361
0.298181
0.277214
0.256496
0.25861
0.327327
0.254175
0.324968
0.254743
0.243572
0.26705
0.237076
0.267216
0.269058
0.245181
0.335737
0.24313
0.229076
0.319188
0.271033
0.246068
0.267625
0.340452
0.245473
0.255003
0.262851
0.305433
0.276213
0.289545
0.28571
0.263675
0.310774
0.240519
0.269182
0.302058
0.239179
0.308695
0.260628
0.244442
0.267771
0.30623
0.242334
0.27489
0.24319
0.285907
0.276285
0.23996
0.254075
0.320954
0.244366
0.336684
0.242939
0.267467
0.246577
0.270028
0.270709
0.255059
0.282472
0.324799
0.257456
0.290133
0.263058
0.254965
0.259096
0.274807
0.24678
0.266216
0.342013
0.28325
0.256441
0.341122
0.410202
0.382298
0.261543
0.307154
0.253109
0.250601
0.299326
0.289032
0.249387
0.255399
0.284863
0.307675
0.246126
0.315507
0.329131
0.236847
0.327666
0.333326
0.245795
0.309079
0.289643
0.265157
0.273759
0.260792
0.316262
0.243649
0.273026
0.271362
0.285155
0.243154
0.248988
0.295156
0.394406
0.257794
0.24006
0.303924
0.236763
0.300107
0.262726
0.387449
0.25737
0.28831
0.309016
0.308505
0.277195
0.294729
0.239316
0.272851
0.240864
0.29183
0.2513
0.325617
0.293187
0.256272
0.294932
0.245101
0.294491
0.242859
0.325514
0.249614
0.292583
0.311578
0.266139
0.241171
0.310546
0.239094
0.238297
0.294766
0.240507
0.251625
0.267575
0.293507
0.256915
0.257873
0.326815
0.289602
0.272929
0.250744
0.272616
0.245036
0.303457
0.250207
0.302838
0.278555
0.272298
0.331078
0.277708
0.33648
0.248646
0.254869
0.255301
0.257362
0.284585
0.257591
0.265498
0.266244
0.282943
0.265887
0.277772
0.269053
0.2562
0.241088
0.241917
0.274724
0.312528
0.241712
0.341018
0.238246
0.252352
0.247444
0.259661
0.340746
0.299655
0.275689
0.32384
0.250745
0.245
0.278359
0.237699
0.252179
0.29459
0.242289
0.294062
0.305038
0.256248
0.252089
0.280297
0.321517
0.240806
0.250997
0.347623
0.244795
0.25571
0.290388
0.24226
0.307586
0.246959
0.33486
0.295116
0.253393
0.345676
0.242146
0.252182
0.242601
0.289436
0.280375
0.248677
0.241257
0.252097
0.284945
0.275756
0.314103
0.258012
0.275737
0.240339
0.254189
0.334234
0.250977
0.240094
0.309412
0.243323
0.277884
0.25663
0.291935
0.318016
0.250141
0.262748
0.282523
0.259206
0.264875
0.290101
0.300425
0.251891
0.298788
0.242441
0.240489
0.282648
0.286401
0.632942
0.239055
0.240146
0.327496
0.248853
0.270981
0.25943
0.239195
0.292478
0.276158
0.34926
0.245925
0.284566
0.259791
0.242205
0.278847
0.286915
0.244812
0.272951
0.251867
0.257966
0.285476
0.245315
0.245242
0.27597
0.265055
0.239576
0.328916
0.247896
0.306525
0.285689
0.245117
0.292321
0.2608
0.255906
0.285816
0.371714
0.240192
0.298644
0.248193
0.246619
0.276975
0.301703
0.270419
0.271019
0.295032
0.302715
0.264254
0.251634
0.237292
0.359575
0.254145
0.298334
0.291212
0.290788
0.256144
0.240267
0.237472
0.358583
0.246947
0.312447
0.299342
0.244053
0.311198
0.272416
0.243565
0.256413
0.287032
0.244226
0.245412
0.289277
0.244046
0.240423
0.289377
0.248236
0.285925
0.313087
0.270857
0.259998
0.26319
0.311475
0.246493
0.309598
0.274999
0.344756
0.248904
0.296481
0.311987
0.292505
0.253764
0.262285
0.240574
0.335262
0.249185
0.266514
0.283509
0.311079
0.251637
0.278378
0.29316
0.27854
0.31158
0.28319
0.242535
0.247829
0.260508
0.273537
0.236677
0.299126
0.2618
0.275326
0.272472
0.276172
0.298485
0.327015
0.248608
0.258365
0.284856
0.244234
0.267653
0.243083
0.252751
0.327102
0.283788
0.245023
0.266299
0.249295
0.253076
0.301219
0.248248
0.350434
0.240654
0.273734
0.240759
0.311547
0.289285
0.294923
0.275146
0.316215
0.2557
0.27509
0.272368
0.275194
0.256989
0.282452
0.244524
0.259978
0.251708
0.321849
0.269978
0.303398
0.248244
0.247581
0.241897
0.265343
0.308271
0.249397
0.2942
0.261481
0.246743
0.35474
0.23965
0.302953
0.309254
0.241409
0.243331
0.448723
0.313389
0.245568
0.244212
0.322688
0.236201
0.286837
0.25313
0.323314
0.290795
0.5091
0.376259
0.250439
0.264909
0.261692
0.302392
0.263087
0.28712
0.247277
0.302823
0.251827
0.248644
0.296338
0.255917
0.337498
0.2389
0.255972
0.283407
0.254354
0.27275
0.255954
0.299873
0.243981
0.25937
0.351221
0.312548
0.251572
0.280738
0.2784
0.245562
0.283008
0.248879
0.334036
0.327448
0.250013
0.273227
0.24215
0.251427
0.296953
0.249226
0.248663
0.2621
0.288517
0.275007
0.330017
0.262804
0.259092
0.249888
0.302185
0.285017
0.279663
0.277703
0.245832
0.244097
0.271191
0.241708
0.31009
0.333516
0.242674
0.349823
0.238091
0.240863
0.258362
0.238405
0.27249
0.270206
0.242297
0.278073
0.296128
0.244167
0.266545
0.316881
0.258106
0.26941
0.303675
0.238099
0.245882
0.268264
0.241023
0.312143
0.395489
0.309398
0.272123
0.304485
0.244675
0.317217
0.300615
0.245649
0.250064
0.312234
0.256288
0.288267
0.240793
0.3644
0.299808
0.251974
0.248828
0.299771
0.244498
0.291898
0.265575
0.33183
0.297344
0.244281
0.307489
1.09792
0.249885
0.246442
0.2544
0.300565
0.254651
0.272129
0.24674
0.288359
0.25108
0.244747
0.315818
0.30697
0.283849
0.269445
0.279415
0.274065
0.264638
0.251625
0.24284
0.322079
0.247994
0.324269
0.270187
0.240616
0.310794
0.254539
0.262238
0.292233
0.297903
0.243201
0.247924
0.251964
0.245755
0.269363
0.311074
0.267965
0.246094
0.262911
0.285987
0.247941
0.257504
0.308482
0.303107
0.295403
0.23713
0.261661
0.306123
0.244522
0.268109
0.246896
0.27968
0.304756
0.27173
0.323909
0.243939
0.25815
0.29631
0.244328
0.335533
0.236917
0.262299
0.265689
0.286631
0.246139
0.358252
0.242992
0.260842
0.255752
0.282523
0.362676
0.25916
0.266928
0.340128
0.321121
0.274977
0.242043
0.326364
0.268391
0.251823
0.250302
0.299622
0.292822
0.254372
0.246544
0.253169
0.298434
0.247864
0.25015
0.303585
0.250167
0.294258
0.278083
0.250775
0.247823
0.277539
0.238942
0.244991
0.295941
0.24569
0.289641
0.313172
0.264017
0.24483
0.275865
0.251814
0.26573
0.294232
0.246702
0.268306
0.250569
0.248158
0.358997
0.247259
0.271908
0.281718
0.277698
0.289828
0.249016
0.314702
0.259302
0.305566
0.299231
0.243876
0.253741
0.269936
0.25753
0.277132
0.251518
0.289947
0.270809
0.342314
0.25864
0.309894
0.24107
0.242737
0.341465
0.249144
0.249858
0.284222
0.257152
0.254166
0.310073
0.238806
0.275544
0.257073
0.261732
0.2636
0.243682
0.262544
0.315146
0.245483
0.290786
0.280638
0.263158
0.249165
0.301386
0.269467
0.252416
0.25724
0.303433
0.283436
0.28124
0.286361
0.251411
0.299294
0.362347
0.342173
0.241728
0.255316
0.272682
0.246948
0.324968
0.252439
0.291446
0.297883
0.248734
0.305604
0.28967
0.291006
0.251882
0.257076
0.239361
0.28957
0.251215
0.244009
0.265568
0.317456
0.238977
0.331156
0.239661
0.315152
0.302268
0.244644
0.256063
0.259398
0.241194
0.318979
0.244498
0.258292
0.303291
0.246665
0.294158
0.293076
0.239228
0.277126
0.285886
0.267221
0.280452
0.375521
0.430794
0.323477
0.549673
0.258516
0.304522
0.245545
0.255671
0.333573
0.250493
0.270921
0.288841
0.252014
0.258846
0.298364
0.366452
0.276916
0.252476
0.26381
0.24502
0.242211
0.292966
0.285493
0.257057
0.306777
0.241148
0.277545
0.631052
0.364735
0.299172
0.256283
0.267953
0.260603
0.262716
0.370817
0.260927
0.285787
0.289602
0.256659
0.238546
0.312658
0.281136
0.29058
0.276599
0.329551
0.251173
0.274378
0.327486
0.263308
0.266591
0.301439
0.265939
0.329959
0.242074
0.247697
0.239738
0.269529
0.264069
0.245727
0.244571
0.336715
0.253365
0.250845
0.251086
0.246964
0.276789
0.24244
0.315415
0.25957
0.294171
0.304642
0.24169
0.245166
0.314475
0.268308
0.249181
0.289511
0.247397
0.262959
0.285167
0.275321
0.250265
0.268352
0.249248
0.251572
0.262489
0.274894
0.234203
0.288108
0.265991
0.263324
0.275603
0.243237
0.301777
0.260093
0.351388
0.251246
0.25193
0.237013
0.340016
0.279622
0.235436
0.292425
0.244547
0.248064
0.262371
0.245188
0.242593
0.31484
0.241519
0.347589
0.239853
0.303252
0.273641
0.247548
0.251166
0.284846
0.247794
0.27749
0.249368
0.278529
0.292499
0.31064
0.321713
0.238899
0.255378
0.272546
0.24279
0.286929
0.263513
0.246219
0.278617
0.357154
0.24934
0.304561
0.263428
0.250631
0.335083
0.23872
0.257087
0.308536
