0.288356
0.263085
0.245359
0.258966
0.273027
0.248048
0.300649
0.265402
0.279036
0.269689
0.249477
0.261809
0.311437
0.254674
0.29329
0.237969
0.2447
0.286303
0.24813
0.240543
0.288061
0.295164
0.25354
0.264164
0.234802
0.26419
0.345962
0.24081
0.290913
0.236246
0.264158
0.267442
0.241087
0.257258
0.346822
0.235393
0.32994
0.244838
0.251327
0.278635
0.294165
0.244226
0.264095
0.234151
0.249747
0.295181
0.239275
0.239852
0.289015
0.24134
0.248009
0.277263
0.251122
0.2568
0.374326
0.255106
0.240386
0.302434
0.238131
0.289592
0.258732
0.262509
0.252906
0.237669
0.296803
0.285188
0.372752
0.282704
0.356122
0.256511
0.266022
0.303704
0.299647
0.30595
0.294185
0.239312
0.258042
0.301487
0.247054
0.254611
0.245348
0.299265
0.274991
0.249353
0.242242
0.305053
0.236678
0.303849
0.49167
0.350824
0.247098
0.290853
0.263909
0.239611
0.24736
0.33956
0.240917
0.277957
0.292749
0.247848
0.23379
0.341935
0.237027
0.308384
0.307808
0.288
0.253245
0.324533
0.238122
0.24804
0.254352
0.239984
0.348686
0.245865
0.257694
0.252602
0.306654
0.274858
0.246701
0.283663
0.24116
0.305418
0.273358
0.328722
0.328606
0.239828
0.291423
0.274266
0.307759
0.255817
0.275145
0.243594
0.233023
0.264314
0.304561
0.243097
0.296574
0.240126
0.315683
0.251598
0.326999
0.250366
0.254216
0.272765
0.299902
0.255141
0.255634
0.299391
0.31132
0.257955
0.306209
0.242417
0.242613
0.260721
0.277814
0.251301
0.300015
0.244184
0.26879
0.255687
0.292709
0.272238
0.410382
0.24861
0.280103
0.265984
0.246495
0.252667
0.243145
0.292589
0.295711
0.253032
0.268343
0.326929
0.246011
0.323928
0.310226
0.268825
0.275653
0.246448
0.276648
0.305783
0.283652
0.298061
0.239586
0.325205
0.257467
0.244554
0.325165
0.243999
0.276208
0.292645
0.262232
0.330129
0.258551
0.245716
0.260035
0.314153
0.258716
0.337232
0.306266
0.255696
0.244662
0.31393
0.263091
0.305192
0.241741
0.350568
0.245165
0.26306
0.239265
0.288398
0.255974
0.264667
0.272611
0.298187
0.291963
0.24557
0.290595
0.250656
0.330051
0.3402
0.248703
0.363693
0.252037
0.295082
0.246999
0.268255
0.319591
0.246307
0.250765
0.360946
0.24654
0.322554
0.257225
0.284887
0.286447
0.261146
0.263315
0.267682
0.297454
0.295505
0.274891
0.31246
0.240555
0.260422
0.312832
0.262858
0.237255
0.31182
0.289621
0.267825
0.262
0.361342
0.269837
0.253173
0.273204
0.297554
0.313221
0.237384
0.320293
0.239171
0.591582
12.327504
0.327117
0.244293
0.287049
0.291355
0.262788
0.243667
0.341294
0.285713
0.251441
0.255823
0.327353
0.292793
0.285685
0.240139
0.259912
0.345884
0.285924
0.304468
0.280423
0.250914
0.257034
0.28614
0.246187
0.28171
0.246661
0.338941
0.362277
0.243404
0.315324
0.27583
0.247367
0.258281
0.447429
0.319641
0.279139
0.280434
0.281086
0.310035
0.254712
0.302812
0.250337
0.251636
0.264394
0.254696
0.403125
0.269162
0.253648
0.25779
0.31712
0.329612
0.357513
0.250324
0.32921
0.251823
0.259091
0.306072
0.242777
0.255905
0.360847
0.251197
0.261567
0.322465
0.29955
0.258563
0.262259
0.326303
0.297423
0.241845
0.246626
0.300224
0.251576
0.279482
0.235987
0.266259
0.310386
0.291996
0.265677
0.381125
0.249885
0.36671
0.244865
0.291916
0.268635
0.239285
0.280783
0.245882
0.271898
0.261315
0.306304
0.265222
0.270891
0.251198
0.332156
0.28988
0.256004
0.332988
0.265473
0.251222
0.393216
0.242925
0.238437
0.255253
0.248132
0.260162
0.353561
0.257826
0.239536
0.255687
0.34442
0.246949
0.350534
0.240371
0.327856
0.253186
0.245233
0.262087
0.303226
0.281259
0.295066
0.249463
0.302284
0.255946
0.306599
0.32548
0.242191
0.363012
0.262237
0.243531
0.340275
0.397228
0.242747
0.287318
0.242094
0.269411
0.255472
0.562242
0.258663
0.267735
0.287522
0.241366
0.265639
0.23315
0.252384
0.451097
0.257881
0.302268
0.242697
0.31493
0.374594
0.244058
0.31094
0.246694
0.297826
0.308959
0.242716
0.272228
0.456597
0.255324
0.360245
0.255489
0.270626
0.277595
0.2862
0.303004
0.257637
0.244273
0.378808
0.393904
0.25767
0.297522
0.31726
0.336041
0.313018
0.29411
0.328594
0.32784
0.274398
0.322013
0.265118
0.248805
0.25878
0.39188
0.268928
0.346741
0.308414
0.345763
0.237458
0.262912
0.264424
0.306585
0.316955
0.246652
0.25867
0.361838
0.250703
0.274274
0.275134
0.256659
0.264695
0.32446
0.267342
0.260032
0.328788
0.245356
0.283425
0.35572
0.376014
0.24248
0.259658
0.323851
0.245655
0.262699
0.330102
0.260525
0.3262
0.254396
0.310589
0.282118
0.335653
0.28804
0.265676
0.255651
0.26188
0.244287
0.360743
0.287983
0.25181
0.258049
0.323218
0.247229
0.298773
0.363251
0.29622
0.295687
0.268054
0.307251
0.425297
0.293029
0.23778
0.250607
0.303009
0.328656
0.247381
0.248002
0.324162
0.249041
0.253351
0.277075
0.306839
0.313262
0.260843
0.289234
0.256019
0.408569
0.26972
0.3399
0.246522
0.250859
0.315468
0.255721
0.344795
0.313628
0.263538
0.26256
0.297587
0.306241
0.289129
0.291093
0.249464
0.246332
0.265861
0.288629
0.294729
0.24445
0.278752
0.468337
0.273581
0.242753
0.251233
0.274417
0.250271
0.264721
0.257706
0.289269
0.286965
0.237501
0.249337
0.334539
0.242911
0.331122
0.280165
0.257632
0.306954
0.26119
0.261979
0.284784
0.331312
0.244559
0.249329
0.418016
0.336658
0.695535
0.274378
0.276312
0.256134
0.238492
0.277182
0.315269
0.329017
0.346454
0.275243
0.289893
0.330859
0.238792
0.322651
0.250932
0.293659
0.274314
0.24821
0.259267
0.353182
0.25026
0.291848
0.294451
0.255881
0.241651
0.265628
0.294832
0.320801
0.240402
0.425689
0.263954
0.387918
0.264956
0.288531
0.286329
0.264685
0.268164
0.27092
0.285493
0.242622
0.313006
0.245764
0.243623
0.305442
0.251022
0.256676
0.318711
0.262726
0.292034
0.26039
0.266606
0.365389
0.251472
0.304965
0.256667
0.351646
0.301431
0.245521
0.265051
0.253533
0.258275
0.260753
0.252054
0.259602
0.248633
0.250998
0.264913
0.241971
0.327783
0.244562
0.27243
0.323487
0.247817
0.257123
0.291194
0.257712
0.387351
0.333488
0.251723
0.264228
0.278266
0.26646
0.298855
0.314537
0.257506
0.242902
0.249153
0.246533
0.311227
0.292907
0.258124
0.274267
0.297198
0.256161
0.249053
0.468786
0.255461
0.296324
0.244075
0.244211
0.269653
0.316878
0.286386
0.242777
0.266663
0.295602
0.26687
0.254106
0.293443
0.252025
0.299399
0.32954
0.28578
0.249465
0.241917
0.301068
0.24837
0.249176
0.329585
0.24406
0.313211
0.319185
0.266397
0.328124
0.254939
0.28032
0.251098
0.255382
0.285566
0.325544
0.274693
0.277657
0.244127
0.288075
0.241303
0.243414
0.392075
0.247442
0.269985
0.354008
0.243675
0.272475
0.390893
0.284033
0.242221
0.364088
0.321544
0.236794
0.276681
0.266012
0.255848
0.246544
0.324336
0.287025
0.255068
0.257429
0.270711
0.256002
0.353032
0.250236
0.309673
0.261951
0.255135
0.275677
0.315508
0.421152
0.470433
0.291266
0.330978
0.249498
0.25324
0.306946
0.267707
0.316248
0.300342
0.241933
0.280366
0.280966
0.242317
0.309206
0.24632
0.248787
0.274829
0.296636
0.258494
0.341785
0.240572
0.273046
0.255007
0.284935
0.286057
0.248216
0.269812
0.24467
0.287595
0.290986
0.251156
0.262254
0.299642
0.264982
0.359426
0.24777
0.269072
0.296628
0.262952
0.266786
0.263862
0.350774
0.273612
0.263585
0.261145
0.298642
0.300313
0.254255
0.297061
0.352219
1.012189
0.37862
0.245158
0.25932
0.299883
0.251015
0.295643
0.243588
0.247834
0.273543
0.266097
0.333273
0.442871
0.248227
0.333025
0.273653
0.306883
0.267245
0.329223
0.290135
0.277034
0.306922
0.269979
0.236274
0.24851
0.376009
0.303745
0.318548
0.275842
0.263536
0.307231
0.240977
0.250929
0.260103
0.304306
0.255899
0.353451
0.245866
0.288811
0.248239
0.325567
0.264523
0.236988
0.339654
0.281111
0.253024
0.393526
0.249989
0.248375
0.321311
0.246201
0.241796
0.277956
0.341481
0.252246
0.281982
0.337885
0.263797
0.393922
0.250677
0.248378
0.264124
0.305836
0.251225
0.318899
0.250069
0.303442
0.257724
0.345449
0.254127
0.3028
0.32523
0.264024
0.251223
0.297628
0.295554
0.249282
0.472271
0.385876
0.25366
0.276325
0.247369
0.310903
0.281067
0.302028
0.268695
0.350652
0.336844
0.298055
0.271814
0.27813
0.257603
0.281587
0.260595
0.243857
0.329891
0.301704
0.2637
0.259185
0.353009
0.243043
0.31103
0.324225
0.255478
0.248764
0.264591
0.29379
0.243925
0.293077
0.301482
0.259825
0.35754
0.248895
0.676157
1.473216
0.273919
0.308474
0.271333
0.318483
0.256019
0.248658
0.275379
0.30751
0.278041
0.253442
0.255268
0.254518
0.344483
0.260543
0.267936
0.360186
0.322363
0.249071
0.248133
0.302861
0.245988
0.311026
0.291783
0.336842
0.237004
0.296155
0.329686
0.262284
0.278621
0.314969
0.328282
0.271642
0.23886
0.317902
0.238806
0.243236
0.256859
0.244637
0.299468
0.269768
0.300264
0.257181
0.311277
0.24607
0.257553
0.262713
0.342723
0.265257
0.240898
0.26458
0.351082
0.248055
0.296288
0.243739
0.300934
0.245549
0.305778
0.306586
0.263379
0.258896
0.297464
0.255027
0.373411
0.241535
0.311335
0.284488
0.247357
0.271299
0.266651
0.316883
0.283069
0.299863
0.268304
0.323449
0.251038
0.301472
0.272719
0.325038
0.304392
0.285554
0.284057
0.241455
0.282387
0.271544
0.245174
0.401058
0.254009
0.323114
0.291969
0.252576
0.277866
0.242502
0.286482
0.292336
0.246338
0.252513
0.318846
0.238699
0.270621
0.299726
0.256106
0.30529
0.248577
0.297085
