0.018299
0.01522
0.018234
0.014803
0.021309
0.014608
0.016883
0.022797
0.014951
0.020368
0.035049
0.016453
0.014553
0.022611
0.016907
0.015795
0.016735
0.014545
0.027293
0.025715
0.017013
0.021669
0.020177
0.102541
0.017652
0.014762
0.019452
0.017944
0.099758
0.017722
0.014372
0.025515
0.021006
0.014769
0.025474
0.081046
0.015042
0.015351
0.015714
0.033068
0.02517
0.016814
0.022967
0.01675
0.015322
0.065371
0.015171
0.018985
0.02974
0.016794
0.016176
0.023026
0.016322
0.016737
0.01762
0.021621
0.022753
0.020667
0.024343
0.02082
0.028138
0.01451
0.028121
0.024727
0.015694
0.018451
0.017638
0.02298
0.042059
0.021723
0.020826
0.024125
0.018359
0.015102
0.016149
0.020008
0.015609
0.015875
0.438486
0.022891
2.624712
0.066098
0.015781
0.015973
0.015844
0.017341
0.109233
1.076876
0.015918
0.027009
0.020263
0.028333
0.019087
0.022191
0.023806
0.024196
0.016814
0.018947
0.021835
0.015606
0.01565
0.029769
0.015789
0.018903
0.015278
0.05096
0.506732
0.018132
0.016673
0.022475
0.01848
0.01739
0.030001
0.016874
0.016145
0.023767
0.017974
0.017766
0.033375
0.016274
0.016639
0.023178
0.015583
0.021214
0.018163
0.079462
0.01545
0.016182
0.029547
0.016677
0.025413
0.036445
0.016458
0.016728
0.040356
0.020678
0.084557
0.01633
0.017115
0.020871
0.030409
0.016996
0.022646
0.019162
0.022193
0.033727
0.017052
0.02148
0.028098
0.01594
0.027847
0.016493
0.017192
0.023491
0.016804
0.023549
0.020917
0.017431
0.033592
0.028961
0.027139
0.094036
0.052763
0.031798
0.024916
0.026781
0.017019
0.017458
0.026646
0.016489
0.026067
0.031289
0.023788
0.0257
0.023118
0.025601
0.01783
0.02233
0.024939
0.015898
0.090864
0.017719
0.033468
0.027372
0.01513
0.018844
0.024166
0.018599
0.027437
0.032037
0.016637
0.024974
0.021142
0.020365
0.017018
0.017199
0.027939
0.018705
0.025802
0.026638
0.019704
0.02631
0.027547
0.03129
0.01899
0.017671
0.026654
0.029587
0.653292
0.019272
0.016983
0.018286
0.020665
0.016667
0.01842
0.023372
0.024511
0.084498
0.018417
0.039107
0.018245
0.026712
0.016701
0.018882
0.029604
0.019496
0.024859
0.029268
0.01715
0.023024
0.024916
0.017471
0.040089
0.02346
0.016519
0.02386
0.017685
0.01955
0.029455
0.021936
0.023988
0.027196
0.016205
0.03035
0.017377
0.079173
0.024173
0.017798
0.02439
0.035092
0.051689
0.019337
0.028143
0.028961
0.029223
0.020251
0.02808
0.019082
0.022895
0.029169
0.018052
0.025252
0.018201
0.02657
0.024988
0.02326
0.021411
0.018693
0.016679
0.022819
0.018339
0.016446
0.034207
0.021487
0.024054
0.019973
0.016568
0.031852
0.0231
0.018202
0.029962
0.050905
0.028232
0.017781
0.018679
0.030501
0.026012
0.019594
1.131068
0.034381
0.02233
0.025082
0.025859
0.026743
0.02511
0.016066
0.018056
0.02971
0.018656
0.028434
0.022538
0.045053
0.037794
0.016055
0.025519
0.01876
0.025062
0.023099
0.016865
0.037408
0.018261
0.032749
0.056944
0.024214
0.024547
0.016798
0.102296
0.024347
0.027036
0.021242
0.029694
0.025491
0.030842
0.04618
0.038022
0.018194
0.626104
0.021026
0.034398
0.021315
0.018415
0.030194
0.02008
0.018632
0.02725
0.016374
0.023452
0.022872
0.026402
0.095161
0.023173
0.020312
0.033469
0.020702
0.024684
0.01744
0.022618
0.035382
0.065824
0.094049
0.017912
0.025996
0.021652
0.019802
0.016213
0.022652
0.019542
0.022783
0.019857
0.028069
0.017643
0.019347
0.022993
0.018723
0.024711
0.016232
0.032311
0.088516
0.027911
0.019957
0.021791
0.02527
0.026611
0.053935
0.034548
0.023053
0.019033
0.030447
0.021731
0.017724
0.031843
0.02511
0.023041
0.023444
0.029699
0.05389
0.028778
0.024893
0.020993
0.022425
0.032528
0.017057
0.05128
0.027929
0.028734
0.074183
0.020988
0.026446
0.38519
0.033237
0.024979
0.025508
0.020984
0.025693
0.031511
0.025754
0.030773
0.034645
0.023831
0.032164
0.017585
0.027132
0.022892
0.024211
0.125846
0.021872
0.023999
0.023253
0.021234
0.017902
0.026174
0.112517
0.022889
0.026056
0.028964
0.025618
0.025277
0.028353
0.026238
0.030773
0.02542
0.023269
0.027918
0.028693
0.025536
0.022336
0.375559
1.056152
0.177076
0.101976
0.17827
0.196546
0.473819
0.447435
0.242917
0.155499
0.243561
0.478256
0.267596
0.411754
0.259522
0.032582
0.644521
0.927447
0.637831
0.822126
0.603897
2.946097
0.710017
0.076779
0.02264
0.019395
0.034558
0.399111
0.030611
0.026768
0.021921
0.025929
0.02751
0.028836
0.096424
0.121032
0.048764
0.019812
0.028114
0.025135
0.021514
0.031566
0.026673
0.035855
0.024741
0.063688
0.018795
0.029832
0.024013
0.01833
0.017261
0.030001
0.020615
0.023498
0.029151
0.020086
0.01923
0.022154
0.02198
0.022232
0.099654
0.017134
0.029171
0.089142
0.032694
0.029302
0.098747
0.030219
0.037913
0.021219
0.019819
0.038599
0.084024
0.028745
0.026867
0.017752
0.026073
0.018638
0.031917
0.017798
0.019025
0.028234
0.023416
0.020192
0.015722
0.026878
0.036696
0.027711
0.026298
0.031466
0.034796
0.023622
0.022739
0.021704
0.03425
0.023951
0.033624
0.020637
0.0285
0.018865
0.020574
0.02151
0.026909
0.016589
0.021589
0.167272
0.024747
0.027135
0.039295
0.027711
0.031156
0.029947
0.029866
0.01769
0.027594
0.0441
0.030672
0.083243
0.031647
0.027044
0.025575
0.02503
0.03376
0.024036
0.017798
0.024707
0.040416
0.029969
0.036197
0.022723
0.020331
0.080656
0.023663
0.022997
0.017075
0.031729
0.016977
0.023435
0.022023
0.016686
0.01726
0.034911
0.027095
0.016295
0.027544
0.130296
0.053774
0.020772
0.026081
0.099938
0.048467
0.024373
0.021884
0.033645
0.035458
0.027512
0.027467
0.053285
0.027909
0.030504
0.024627
0.022463
0.047201
0.022871
0.528487
0.030466
0.026903
0.022851
0.027562
0.023578
0.027474
0.017055
0.02337
0.018342
0.036454
0.09867
0.094531
0.016978
0.023486
0.029912
0.022216
0.020665
0.033837
0.01741
0.02211
0.037537
4.585648
0.338898
0.19777
3.237797
0.564202
0.272147
0.240879
0.351256
0.410377
0.4077
0.172725
1.053516
3.125015
0.074439
0.029336
0.487685
0.024052
0.020604
0.016775
0.023191
0.024785
0.025883
0.026653
0.019535
0.023237
0.037445
0.023542
0.022753
0.033354
0.019798
0.018453
0.016439
0.029005
0.150584
0.031724
0.019804
0.027517
0.02073
0.022292
0.031914
0.019989
0.026998
0.021269
0.730371
0.017756
0.029557
0.021742
0.018057
0.024984
0.021824
0.017591
0.341198
0.02344
0.026256
0.018073
0.043225
0.023975
0.041589
0.035272
0.035451
0.027609
0.02344
0.02253
0.025164
0.026881
0.026208
0.016217
0.020685
0.026758
0.020798
0.025268
0.022616
0.022062
0.026479
0.019961
0.061731
0.021403
0.02969
0.026341
0.026635
0.017511
0.025335
0.025515
0.192682
0.027846
0.015813
0.040711
0.025605
0.110261
0.037845
0.035329
0.025973
0.02616
0.111938
0.043527
0.055584
0.069825
0.120957
0.148838
0.087121
0.030829
0.029413
0.087027
0.050373
0.02781
0.034743
0.030463
0.054389
0.246922
0.021807
0.432479
0.019764
0.036538
0.046703
0.01984
0.022047
0.02626
0.101908
0.018977
0.220205
0.042482
0.030371
0.018992
0.019355
0.022754
0.03265
0.023912
0.024495
0.030106
0.024434
0.03181
0.029575
0.030734
0.017657
0.027634
0.02598
0.131616
0.022175
0.07518
0.016981
0.017059
0.029593
0.025033
0.017784
0.02654
0.042958
0.027643
0.02308
0.50112
0.02588
0.02378
0.031356
0.040767
0.049054
0.025658
0.063952
0.019961
0.025399
0.025574
0.053454
0.0372
0.060757
0.038418
0.018774
0.018929
0.01594
0.026616
0.03064
0.02427
0.026912
0.018678
0.024428
0.055291
0.016446
0.034446
0.032403
0.017961
0.016116
0.108444
0.020808
0.021747
0.0267
0.034376
0.026031
0.021809
0.026253
0.022287
0.026298
0.025419
0.033601
0.041673
0.048925
0.082167
0.0268
0.026728
0.016449
0.025927
0.564369
0.039831
0.017647
0.545143
0.044376
0.021016
0.033445
0.022405
0.01772
0.031607
0.03234
0.021489
0.024685
0.022036
0.032863
0.021732
0.017562
0.019306
0.103894
0.034144
0.420974
0.022062
0.039664
0.025915
0.032904
0.032358
0.022075
0.017704
0.023678
0.091384
0.022921
0.018702
0.043986
0.033652
0.016707
0.065306
0.016685
0.021379
0.024417
0.080072
0.03679
0.029942
0.051511
0.173261
0.050059
0.025118
0.056757
0.054036
0.025603
0.061131
0.025175
0.035219
0.030496
0.024167
0.111567
0.020021
0.023532
0.031387
0.015958
0.023589
0.031554
0.016732
0.027311
0.041033
0.050106
0.040286
0.021421
0.019302
0.023648
0.026013
0.017029
0.022493
0.022768
0.028466
0.022096
0.022628
0.021707
0.021875
0.021361
0.0209
0.021676
0.073752
0.018382
0.023037
0.021969
0.027679
0.020905
0.024115
0.100711
0.023007
0.021536
0.024464
0.019963
0.028831
0.021739
0.024057
0.053619
0.022935
0.026626
0.16989
0.017083
0.017411
0.021466
0.076352
0.025819
0.028282
0.022961
0.022413
0.023524
0.097421
0.016974
0.017691
0.035276
0.018007
0.01623
0.016914
0.029985
0.025299
0.022246
0.024527
0.019899
0.01687
0.032128
0.021779
0.020074
0.045607
0.026259
0.019377
0.117268
0.019669
0.022361
0.020361
0.01818
0.017761
0.019321
0.025022
0.119567
0.016491
0.01778
0.021467
0.030969
0.024246
0.017018
0.023276
0.016881
0.020446
0.019777
0.019676
0.020147
0.017492
0.01612
0.019062
0.016312
0.030572
0.020328
0.020431
0.019319
0.025955
0.032293
0.034375
0.020586
0.021909
0.020878
0.340685
0.027569
0.026516
0.01898
0.017407
0.122032
0.028722
0.021403
0.033247
0.023124
0.02074
0.018754
0.024893
0.048923
0.017959
0.016172
0.025064
0.020925
