0.0243
0.024489
0.016372
0.028846
0.023317
0.087496
0.016712
0.026811
0.026402
0.019489
0.024136
0.023655
0.017264
0.018686
0.014967
0.033133
0.017682
0.017649
0.041051
0.352354
0.01657
0.017988
0.022906
0.026189
0.021089
0.015926
0.022797
0.018637
0.026144
0.016063
0.016625
0.030333
0.02307
0.018407
0.01763
0.024591
0.027014
0.019322
0.020782
0.027824
0.017553
0.019387
0.046462
0.027407
0.015906
0.01946
0.019512
0.027062
0.016461
0.026796
0.026462
0.018221
0.019126
0.019226
0.017411
0.024822
0.017422
0.023601
0.02307
0.015904
0.015984
0.02468
0.514631
0.0154
0.017479
0.022697
0.023859
0.01774
0.02282
0.025524
0.019884
0.021276
0.031863
0.021814
0.023334
0.01776
0.016838
0.026375
0.023018
0.025526
0.018193
0.102127
0.021763
0.026106
0.027841
0.016895
0.030403
0.024397
0.02885
0.027896
0.021371
0.021775
0.027817
0.018746
0.023788
0.016374
0.017947
0.070681
0.024336
0.018402
0.022428
0.021472
0.022801
0.030211
0.023032
0.045076
0.027032
0.018629
0.019081
0.024817
0.080947
0.017012
0.018695
0.017781
0.037616
0.016339
0.017725
0.025481
0.017968
0.016116
0.026402
0.025261
0.025039
0.018944
0.041065
0.026996
0.027501
0.02196
0.024222
0.016123
0.016937
0.030695
0.033213
0.023877
0.020167
0.024258
0.017257
0.02299
0.021598
0.046216
0.024361
0.01708
0.032157
0.035928
0.018468
0.018239
0.028638
0.017376
0.016406
0.023055
0.018797
0.021827
0.057023
0.014848
0.027339
0.026038
0.037849
0.032027
0.032747
0.018253
0.022619
0.023392
0.025418
0.024206
0.021883
0.024604
0.02704
0.027918
0.023475
0.023574
0.020167
0.020225
0.02214
0.029416
0.021067
0.029063
0.052786
0.024741
0.016941
0.538011
0.031966
0.018834
0.026228
0.015404
0.025571
0.024884
0.031278
0.021707
0.024435
0.026513
0.026949
0.032239
0.025002
0.02086
0.01927
0.023697
0.020393
0.017195
0.016757
0.082266
0.021154
0.062383
0.019862
0.018003
0.091729
0.023272
0.103896
0.028362
0.025966
0.030471
0.020168
0.023611
0.032489
0.023613
0.023832
0.025396
0.026942
0.02326
0.095191
0.026063
0.019313
0.028674
0.030665
0.02057
0.01943
0.033196
0.018682
0.022182
0.020422
0.018301
0.029876
0.022143
0.018658
0.022326
0.021598
0.017205
0.024316
0.02477
0.071981
0.016978
0.108053
0.016495
0.017007
0.025416
0.024029
0.029107
0.021524
0.018858
0.034759
0.016121
0.026131
0.544343
0.048897
0.023662
0.025015
0.021532
0.022175
0.029737
0.025695
0.02914
0.032051
0.024885
0.023896
0.023589
0.020838
0.021152
0.074947
0.148504
0.027647
0.025984
0.027054
0.072576
0.024835
0.020926
0.026024
0.018465
0.026057
0.024733
0.025444
0.023771
0.038481
0.019159
0.02004
0.024098
0.026038
0.024342
0.028449
0.030452
0.02051
0.026366
0.097804
0.01694
0.179038
0.028418
0.028378
0.026708
0.025699
0.019484
0.061684
0.090218
0.018552
0.021531
0.02107
0.02514
0.018726
0.020378
0.015431
0.016819
0.033743
0.022111
0.026008
0.022919
0.021262
0.01886
0.017742
0.017231
0.026459
0.023196
0.019938
0.023901
0.024351
0.025238
0.022988
0.023793
0.018407
0.0675
0.019009
0.020113
0.027229
0.024777
0.016405
0.029711
0.024093
0.02036
0.018436
0.023607
0.021673
0.02892
0.022676
0.026253
0.016983
0.025802
0.025642
0.01703
0.01874
0.021337
0.035022
0.016321
0.031299
0.027593
0.018562
0.023105
0.018376
0.0173
0.025387
0.026186
0.02248
0.025121
0.015884
0.02516
0.018093
0.017772
0.031548
0.016317
0.017732
0.022347
0.045529
0.024851
0.019398
0.019471
0.02402
0.021977
0.03489
0.065542
0.018301
0.020204
0.023818
0.023005
0.031624
0.017574
0.039184
0.027975
0.024788
0.107907
0.060674
0.024935
0.125365
0.021591
0.041618
0.039482
0.019675
0.026754
0.028537
0.029084
0.066713
0.021161
0.024679
0.016379
0.016135
0.035996
0.024001
0.01936
0.022667
0.148566
0.018019
0.023338
0.026241
0.030183
0.141828
0.024461
0.018383
0.028207
0.026548
0.027556
0.031813
0.018606
0.020808
0.028942
0.034311
0.022959
0.504426
0.027925
0.025527
0.035756
0.017929
0.097339
0.01754
0.018428
0.034811
0.236292
0.031068
0.027404
0.023282
0.0221
0.024041
0.023558
0.027476
0.016756
0.041421
0.035991
0.022117
0.025987
0.01803
0.01764
0.022088
0.016239
0.016435
0.020509
0.016901
0.028144
0.057455
0.021699
0.019676
0.025494
0.020967
0.026322
0.09415
0.033549
0.020122
0.022237
0.025018
0.021202
0.157434
0.01756
0.021342
0.030174
0.020432
0.030775
0.109988
0.052973
0.030339
0.071908
0.084655
0.023261
0.017502
0.02919
0.018091
0.017239
0.023007
0.017871
0.028553
0.022739
0.026845
0.01854
0.01921
0.027137
0.020903
0.025282
0.017841
0.023266
0.022521
0.047401
0.017443
0.021152
0.020294
0.041244
0.038054
0.018583
0.025191
0.018009
0.02742
0.022276
0.049374
0.111774
0.021163
0.038895
0.035312
0.021671
0.024832
0.017856
0.02393
0.016991
0.022088
0.027471
0.119446
0.023593
0.029452
0.067243
0.022167
0.022652
0.036607
0.033479
0.022167
0.025487
0.022932
0.031074
0.021107
0.024786
0.035202
0.020327
0.034147
0.033416
0.018361
0.027692
0.01673
0.029656
0.016508
0.023232
0.02618
0.018823
0.024985
0.027057
0.024747
0.018417
0.019725
0.032347
0.091389
0.057092
0.021708
0.019687
0.022791
0.040196
0.024771
0.022712
0.057691
0.022539
0.053595
0.074201
0.025088
0.0395
0.017158
0.072544
0.553577
0.041088
0.030634
0.051087
0.024983
0.034848
0.025548
0.045907
0.022178
0.02778
0.022506
0.096374
0.096553
0.025037
0.017224
0.027004
0.018669
0.01615
0.028175
0.103499
0.022978
0.025658
0.024207
0.407953
0.030089
0.016762
0.026198
0.022959
0.018299
0.022518
0.033009
0.017785
0.096633
0.018803
0.023208
0.028387
0.029604
0.136735
0.032286
0.023193
0.034249
0.081577
0.022873
0.027236
0.022356
0.043657
0.257953
0.0327
0.041542
0.02104
0.018504
0.036046
0.02471
0.017285
0.02537
0.023138
0.03228
0.04083
0.021181
0.028527
0.026368
0.027415
0.018233
0.041619
0.022853
0.047666
0.026015
0.030934
0.02287
0.030208
0.027896
0.041345
0.040461
0.313522
0.029558
0.02437
0.03263
0.022417
0.026419
0.127863
0.021577
0.024442
0.034668
0.021743
0.022937
0.023102
0.02436
0.028847
0.021623
0.016371
0.027316
0.018212
0.021521
0.016184
0.028742
0.044481
0.031402
0.026108
0.017646
0.025892
0.029757
0.015496
0.025075
0.01603
0.019416
0.030669
0.018374
0.024922
0.023333
0.02254
0.032311
0.145015
0.025497
0.019899
0.1201
0.022005
0.208954
0.040084
0.031338
0.043805
0.029687
0.02383
0.03187
0.025279
0.017533
0.046391
0.021598
0.021865
0.029714
0.022113
0.023379
0.023331
0.017606
0.016699
0.024167
0.042
0.384948
0.021371
0.441352
0.027951
0.026686
0.016542
0.016696
0.026239
0.027006
0.022583
0.029397
0.023166
0.018136
0.030495
0.019869
0.066568
0.016956
0.026771
0.088605
0.033176
0.029217
0.119527
0.024341
0.086902
0.022549
0.025269
0.035449
0.022146
0.025876
0.023824
0.021888
0.022966
0.030027
0.021308
0.028664
0.025098
0.023568
0.03011
0.016629
0.022123
0.027793
0.237375
0.03538
0.015824
0.020996
0.03178
0.018213
0.049765
0.025302
0.026926
0.023082
0.022144
0.023543
0.031726
0.016294
0.025414
0.017776
0.026476
0.019767
0.017205
0.020598
0.096992
0.028569
0.016193
0.023516
0.141655
0.021406
0.028563
0.020243
0.016256
0.024561
0.019
0.037148
0.019111
0.021162
0.03108
0.01612
0.033784
0.023946
0.021872
0.09923
0.017605
0.018968
0.021906
0.036327
0.020689
0.035841
0.025346
0.023495
0.029848
0.018254
0.024038
0.02827
0.027207
0.023728
0.068505
0.016867
0.023397
0.021517
0.017987
0.033369
0.026912
0.03679
0.030331
0.023817
0.024816
0.093928
0.025433
0.111944
0.031743
0.017442
0.079081
0.034897
0.0259
0.100224
0.023641
0.023063
0.021147
0.02523
0.025329
0.015573
0.02218
0.29368
0.029624
0.025563
0.024375
0.044906
0.025577
0.024626
0.027343
0.020813
0.024154
0.022248
0.023771
0.029167
0.075499
0.024299
0.022038
0.016065
0.024733
0.023553
0.025344
0.043777
0.021144
0.023217
0.017559
0.023197
0.049297
0.017092
0.033796
1.05482
0.029935
0.024595
0.028345
0.017318
0.022567
0.026442
0.015624
0.019419
0.018646
0.286232
0.024322
0.029394
0.015313
0.022841
0.023513
0.024543
0.024967
0.018268
0.019071
0.029196
0.021819
0.090511
0.159088
0.051075
0.01763
0.016302
0.034916
0.028826
0.030595
0.026132
0.027953
0.032345
0.02228
0.017341
0.024341
0.021923
0.015154
0.057365
0.025811
0.020145
0.022802
0.023287
0.022988
0.025403
0.021649
0.034259
0.018059
0.026036
0.027937
0.030562
0.028948
0.029739
0.035721
0.061723
0.03611
0.016884
0.02524
0.027439
0.035756
0.041573
0.027098
0.029054
0.507571
0.053601
0.01605
0.028296
0.482418
0.043679
0.02229
0.028574
0.029522
0.026322
0.021758
0.018141
0.034952
0.024266
0.019032
0.025079
0.03677
0.021437
0.02431
0.022252
0.023344
0.020652
0.26772
0.027177
0.022178
0.027628
0.057509
0.026907
0.022036
0.020184
0.026075
0.020832
0.021151
0.034769
0.027315
0.032568
0.017253
0.024561
0.023257
0.024961
0.040922
0.018124
0.038025
0.029663
0.113236
0.025505
0.025554
0.03462
0.025923
0.039011
0.02351
0.03095
0.051019
0.021763
0.023092
0.027484
0.026277
0.103673
0.034547
0.017175
0.02861
0.025524
0.019591
0.018525
0.024166
0.023885
0.029516
0.019467
0.015529
0.015792
0.026491
0.02718
0.021823
0.025507
0.020228
0.032086
0.023034
0.018805
0.022065
0.021838
0.164358
0.018826
0.01995
0.030163
0.095876
0.025131
0.031054
0.029325
0.01967
