0.310512
0.277063
0.326457
0.249081
0.311514
0.248017
0.237846
0.253259
0.258558
0.284751
0.286293
0.249948
0.259935
0.596196
0.272342
0.293067
0.259607
0.306813
0.256452
0.236999
0.237823
0.325403
0.295654
0.238206
0.265829
0.239025
0.24296
0.277741
0.238665
0.273485
0.251559
0.282344
0.244489
0.256983
0.500922
0.242573
0.262123
0.310106
0.273242
0.407387
0.237794
0.32569
0.291999
0.267605
0.257503
0.266626
0.247262
0.360411
0.238375
0.244527
0.268887
0.288626
0.25018
0.251966
0.306526
0.264292
0.259982
0.239806
0.336685
0.242722
0.251037
0.254163
0.249905
0.25614
0.516401
0.37139
0.259081
0.243331
0.245939
0.313401
0.259875
0.234908
0.292569
0.25108
0.285336
0.291134
0.242379
0.242497
0.306729
0.24385
0.255871
0.279266
0.254455
0.307795
0.249888
0.264953
0.271818
0.314602
0.243182
0.25779
0.2455
0.309637
0.274939
0.266821
0.306768
0.259271
0.239252
0.252254
0.327538
0.243492
0.268157
0.251058
0.268431
0.25548
0.264949
0.255521
0.321019
0.242173
0.271894
0.261997
0.259497
0.239811
0.254542
0.264892
0.310236
0.309924
0.304336
0.267
0.282292
0.244243
0.2529
0.243453
0.263031
0.305853
0.252309
0.303134
0.313804
0.241761
0.245739
0.301037
0.256483
0.321727
0.299422
0.248572
0.263444
0.240595
0.241659
0.32973
0.30646
0.290337
0.250816
0.2981
0.241449
0.812091
0.302809
0.280108
0.245121
0.339198
0.281136
0.252645
0.268069
0.298827
0.307823
0.265225
0.241692
0.270317
0.243283
0.245719
0.328745
0.239734
0.300897
0.24383
0.240176
0.255797
0.245416
0.241549
0.276046
0.246002
0.252284
0.247779
0.275903
0.265969
0.293649
0.248536
0.295931
0.242857
0.239682
0.328455
0.237862
0.348339
0.288037
0.235659
0.256451
0.23794
0.296178
0.293386
0.238764
0.281257
0.263202
0.241009
0.239979
0.242969
0.312477
0.286257
0.245185
0.262877
0.248266
0.271438
0.264512
0.26064
0.25269
0.267534
0.283418
0.236647
0.269721
0.24948
0.306318
0.298264
0.244565
0.276472
0.244665
0.305411
0.294442
0.307774
0.255489
0.318736
0.250886
0.310263
0.251238
0.34936
0.273413
0.24449
0.258152
0.335205
0.25352
0.319875
0.248293
0.259185
0.25493
0.310525
0.294722
0.246518
0.245851
0.296287
0.274636
0.299201
0.250432
0.297539
0.300086
0.236423
0.394411
0.660923
0.325212
0.238967
0.2488
0.250839
0.243837
0.321419
0.2821
0.301501
0.263324
0.249462
0.238703
0.312175
0.235855
0.258145
0.26397
0.304635
0.237231
0.297069
0.253611
0.258548
0.244315
0.253549
0.25468
0.255617
0.257241
0.279647
0.301491
0.248991
0.280281
0.328067
0.270931
0.28777
0.245342
0.281096
0.292917
0.265321
0.277321
0.254101
0.274824
0.245684
0.294166
0.299292
0.23792
0.237912
0.339724
0.26835
0.310024
0.246363
0.287717
0.294391
0.260495
0.265778
0.26563
0.266889
0.239573
0.298213
0.246099
0.264836
0.30827
0.242776
0.30167
0.258598
0.247914
0.251035
0.288069
0.24524
0.332091
0.248469
0.239867
0.291223
0.301745
0.277185
0.297207
0.242676
0.262338
0.301834
0.253428
0.282719
0.242433
0.331483
0.274406
0.241782
0.271884
0.307329
0.24605
0.336893
0.275436
0.242745
0.304517
0.260519
0.248425
0.332362
0.252911
0.239281
0.27877
0.242053
0.316461
0.270649
0.296843
0.254191
0.268843
0.253805
0.261371
0.300848
0.2526
0.282565
0.239044
0.244359
0.333068
0.293873
0.239566
0.323372
0.241664
0.256531
0.293819
0.238616
0.314664
0.2444
0.295048
0.258921
0.239508
0.240681
0.283497
0.249976
0.24764
0.271001
0.28256
0.271518
0.267443
0.249697
0.248728
0.315602
0.259614
0.284106
0.324349
0.266463
0.253854
0.265046
0.237944
0.309574
0.286694
0.258573
0.269287
0.279042
0.274435
0.266289
0.253543
0.338395
0.294181
0.256964
0.260028
0.269014
0.257408
0.414721
0.2442
0.2539
0.289006
0.250258
0.387206
0.241335
0.281924
0.274546
0.236872
0.250194
0.315801
0.264486
0.272601
0.239944
0.292744
0.256895
0.254794
0.296324
0.323291
0.242658
0.368537
0.578781
0.421566
0.303796
0.27459
0.249675
0.244779
0.262903
0.299822
0.301831
0.26943
0.296503
0.254574
0.250011
0.27331
0.26607
0.243035
0.244442
0.289023
0.253813
0.33096
0.243169
0.25199
0.363245
0.311082
0.234373
0.266564
0.323765
0.249201
0.259669
0.290203
0.243753
0.291921
0.240973
0.245628
0.315773
0.259914
0.32484
0.254417
0.246288
0.259134
0.263485
0.246756
0.26651
0.25337
0.243786
0.332881
0.250226
0.310707
0.279493
0.298442
0.274842
0.310923
0.259194
0.25941
0.253554
0.331051
0.247044
0.244715
0.337633
0.385601
0.24639
0.297555
0.310369
0.277474
0.248971
0.249181
0.356355
0.247899
0.265571
0.262827
0.242261
0.268539
0.289841
0.289691
0.295235
0.243992
0.257126
0.245906
0.287708
0.292825
0.260378
0.273604
0.259969
0.302151
0.381515
0.248296
0.384117
0.261319
0.241105
0.298359
0.242484
0.294873
0.239879
0.255034
0.290451
0.259802
0.248104
0.251188
0.276382
0.242441
0.259486
0.2789
0.25245
0.353854
0.251545
0.242865
0.320413
0.262119
0.265309
0.277278
0.280084
0.256088
0.312204
0.249436
0.266069
0.235395
0.252931
0.305082
0.248744
0.278166
0.285175
0.242
0.261805
0.304457
0.283937
0.252785
0.29896
0.257952
0.261438
0.264596
0.246437
0.264991
0.353509
0.291375
0.257473
0.296492
0.262048
0.275094
0.254735
0.280519
0.295821
0.245679
0.28222
0.264429
0.240177
0.370307
0.244635
0.244202
0.278336
0.299856
0.25654
0.235089
0.237118
0.285032
0.238796
0.242921
0.283909
0.244578
0.287256
0.282208
0.296752
0.247415
0.250652
0.310609
0.280133
0.285016
0.256161
0.297826
0.242082
0.285665
0.245918
0.289399
0.293337
0.256435
0.269663
0.244071
0.272366
0.281357
0.585829
0.277227
0.24636
0.242488
0.296784
0.246333
0.294377
0.376305
0.238809
0.258532
0.315456
0.256366
0.315191
0.245675
0.296123
0.284925
0.251305
0.240943
0.328503
0.250827
0.300375
0.267903
0.268105
0.245291
0.259271
0.284567
0.25872
0.331267
0.251938
0.251146
0.24542
0.244175
0.293075
0.277385
0.285897
0.248618
0.245888
0.287497
0.272187
0.309256
0.244848
0.292338
0.288221
0.245176
0.251722
0.296379
0.246002
0.285252
0.328751
0.259134
0.250422
0.265805
0.322596
0.288258
0.251236
0.260235
0.272915
0.324007
0.256262
0.238358
0.330418
0.286355
0.251094
0.320469
0.28949
0.247239
0.260765
0.300556
0.255856
0.337436
0.237517
0.417912
0.239283
0.321107
0.318062
0.250447
0.298098
0.247075
0.244538
0.288307
0.25774
0.25918
0.322434
0.262117
0.284504
0.428252
0.297043
0.285063
0.671542
0.374635
0.245362
0.254615
0.253653
0.243024
0.329777
0.260895
0.292059
0.287351
0.287012
0.239182
0.236552
0.304843
0.244423
0.260343
0.263344
0.334824
0.272677
0.28157
0.282598
0.25577
0.346642
0.240051
0.316719
0.24606
0.239312
0.316018
0.246625
0.281523
0.268639
0.249364
0.246226
0.341429
0.27486
0.27692
0.26344
0.24762
0.24034
0.269466
0.243005
0.303355
0.345763
0.241958
0.312052
0.243701
0.245162
0.354799
0.244646
0.329054
0.260679
0.241171
0.285829
0.306872
0.241691
0.239396
0.252059
0.23867
0.296048
0.260454
0.243435
0.458178
0.25183
0.325528
0.246557
0.295131
0.239543
0.297351
0.279757
0.264371
0.257073
0.24498
0.244263
0.301257
0.243745
0.278666
0.241229
0.28335
0.311288
0.244573
0.257837
0.263053
0.315536
0.279237
0.880766
0.285322
0.244652
0.309472
0.323861
0.251632
0.368406
0.243502
0.258726
0.251488
0.288793
0.26463
0.241567
0.245222
0.321264
0.248672
0.274596
0.31336
0.241794
0.315716
0.288189
0.300623
0.308718
0.259341
0.242451
0.262268
0.31606
0.247271
0.318018
0.23942
0.307467
0.325286
0.24715
0.25505
0.277084
0.328536
0.242259
0.251121
0.286163
0.25873
0.276667
0.287713
0.246073
0.246294
0.247131
0.286117
0.323611
0.254567
0.277131
0.294536
0.254425
0.353377
0.311921
0.262407
0.297253
0.245626
0.278679
0.25092
0.271096
0.264263
0.246983
0.312239
0.29911
0.242695
0.329558
0.306255
0.247036
0.287984
0.248487
0.345994
0.349348
0.262992
0.29381
0.251747
0.337143
0.247516
0.257761
0.271517
0.24686
0.247644
0.299203
0.237179
0.330457
0.268137
0.245224
0.335902
0.253554
0.249207
0.289707
0.291592
0.256252
0.241993
0.24334
0.2922
0.247
0.316858
0.266747
0.247708
0.254852
0.268394
0.258151
0.31506
0.269158
0.249797
0.321732
0.245469
0.252548
0.295467
0.252926
0.289841
0.315391
0.250581
0.304607
0.252792
0.288344
0.303852
0.30163
0.33358
0.246656
0.325006
0.244493
0.287966
0.310982
0.247713
0.267516
0.240523
0.259752
0.294801
0.238856
0.298902
0.250511
0.24978
0.25811
0.31246
0.243895
0.300352
0.315017
0.254689
0.312141
0.26264
0.288956
0.293782
0.271131
0.254133
0.251306
0.318105
0.238605
0.244472
0.265203
0.24029
0.258455
0.271876
0.242392
0.29672
0.295495
0.242501
0.253257
0.267878
0.285777
0.276868
0.258021
0.299013
0.30416
0.264183
0.342779
0.247563
0.353864
1.401793
0.240826
0.2629
0.259072
0.254965
0.27817
0.294928
0.2668
0.276395
0.257161
0.256874
0.355004
0.244419
0.254436
0.251115
0.242901
0.261534
0.357972
0.24982
0.322689
0.26833
0.24098
0.346611
0.247246
0.241945
0.318163
0.250489
0.292558
0.364008
0.253059
0.269209
0.274283
0.248211
0.262052
0.286729
0.273933
0.352537
0.389616
0.370938
0.33662
0.415744
0.290277
0.298057
0.265255
0.25135
0.316473
0.259565
0.262547
0.364076
0.247275
0.281792
0.27663
0.255383
0.302551
0.269815
0.344406
0.249413
0.257005
0.282183
0.303464
0.253856
0.285394
0.252377
0.296932
0.254381
0.341473
