0.087984
0.107395
0.125328
0.104931
0.214161
0.030857
0.137837
0.091173
0.053801
0.052642
0.041439
0.172144
0.075031
0.042219
0.124525
0.166096
0.033731
0.077617
0.046423
0.564528
0.070187
0.077654
0.096582
0.086742
0.274901
0.080103
0.105806
0.049445
0.161371
0.076332
0.190769
0.17413
0.061572
0.054199
0.043941
0.13665
0.125597
0.073419
0.051828
0.209496
0.056701
0.102504
0.173103
0.119339
0.06325
0.051621
0.073412
0.02495
0.044536
0.040785
0.109967
0.043611
0.057575
0.023861
0.165467
0.061581
0.057593
0.091737
0.0897
0.118789
0.061451
0.06227
0.08791
0.059844
0.065835
0.067681
0.167818
0.139997
0.081034
0.057066
0.127172
0.022123
0.112967
0.061856
0.097711
0.055697
0.103222
0.063608
0.070425
0.192899
0.10212
0.04037
0.09362
0.509243
0.074886
0.031043
0.105723
0.083257
0.243106
0.092775
0.059232
0.03914
0.111049
0.125776
0.070816
0.090561
0.060869
0.17236
0.068687
0.07647
0.116019
0.088441
0.089158
0.10894
0.121027
0.181953
0.059729
0.027517
0.135117
0.102742
0.069453
0.043115
0.097751
0.043539
0.039491
0.018149
0.058855
0.099028
0.032625
0.148973
0.069558
0.064662
0.077596
0.166299
0.018396
0.059789
0.031886
0.253253
0.145957
0.042943
0.096535
0.237548
0.053811
0.034163
0.035669
0.411536
0.142418
0.047814
0.087232
0.05729
0.093926
0.128225
0.100283
0.07862
0.132317
0.085112
0.097154
0.096097
0.070341
0.081897
0.059987
0.135114
0.050675
0.06146
0.083288
0.105044
0.137083
0.185011
0.059388
0.161762
0.082789
0.135022
0.160162
0.06302
0.060664
0.142252
0.17777
0.192002
0.312423
0.203117
0.114706
0.259172
0.135265
0.086704
0.072991
0.228674
0.061496
0.034439
0.037926
0.034701
0.164811
0.053984
0.228506
0.144206
0.13184
0.041116
0.143036
0.033913
0.099349
0.130318
0.027486
0.112627
0.098233
0.032692
0.080723
0.183061
0.209362
0.03557
0.122317
0.176732
0.209779
0.141682
0.060078
0.09303
0.140087
0.202244
0.093429
0.097913
0.031135
0.025672
0.088555
0.100739
0.149608
0.081707
0.064692
0.06261
0.031919
0.160662
0.0609
0.14923
0.104629
0.062321
0.100091
0.039119
0.044199
0.06643
0.084124
0.049027
0.050875
0.141677
0.269813
0.077818
0.030788
0.148586
0.111764
0.062861
0.0348
0.02398
0.079865
0.214225
0.366102
0.210599
0.143441
0.04299
0.124576
0.084944
0.082575
0.23311
0.091705
0.141184
0.121739
0.052606
0.168621
0.041781
0.057121
0.134103
0.088598
0.05991
0.126247
0.07827
0.089213
0.11752
0.154502
0.116545
0.094624
0.040565
0.139537
0.049708
0.068742
0.126055
0.062139
0.210271
0.079158
0.122304
0.082262
0.056421
0.134369
0.030519
0.163279
0.118203
0.063886
0.201433
0.091934
0.093122
0.067922
0.031069
0.235051
0.159843
0.158928
0.107814
0.340705
0.127975
0.142605
0.40615
0.778834
1.905085
0.103677
0.119091
0.109928
0.067197
0.096481
0.177841
0.063781
0.07268
0.071335
0.14199
0.076091
0.111632
0.094073
0.063765
0.090452
0.039207
0.098553
0.121678
0.123699
0.291528
0.189984
0.071553
0.07345
0.039872
0.147773
0.142261
0.087898
0.070973
0.221747
0.055912
0.136959
0.042633
0.08167
0.073042
0.169539
0.173917
0.136159
0.13536
0.069212
0.141919
0.17705
0.129927
0.060989
0.023027
0.149787
0.072046
0.078762
0.104169
0.143619
0.177235
0.093523
0.194214
0.026322
0.071359
0.129802
0.112633
0.061707
0.079465
0.121359
0.094902
0.102647
0.069133
0.096145
0.173661
0.204306
0.132001
0.115837
0.034232
0.125485
0.066117
0.052546
0.093769
0.063798
0.090025
0.147573
0.063109
0.049932
0.077991
0.036083
0.121709
0.177603
0.071526
0.051026
0.117686
0.041787
0.097975
0.12279
0.129405
0.123221
0.105093
0.185086
0.040342
0.091066
0.054616
0.122933
0.062681
0.062269
0.072228
0.039551
0.113817
0.117722
0.096681
0.036564
0.175947
0.060109
0.071536
0.05882
0.091892
0.113985
0.021569
0.205077
0.131256
0.064732
0.030529
0.064278
0.051202
0.069287
0.123627
0.258907
0.133807
0.128552
0.143766
0.099788
0.123914
0.130513
0.119641
0.092078
0.107194
0.111031
0.084434
0.09143
0.033456
0.096742
0.116631
0.151911
0.184319
0.077958
0.053351
0.063105
0.126927
0.0489
0.121756
0.051863
0.208308
0.081402
0.046839
0.143724
0.036234
0.180716
0.07865
0.043288
0.081293
0.260245
0.027098
0.041341
0.10742
0.029589
0.08534
0.059664
0.091398
0.041004
0.161265
0.122486
0.049487
0.075515
0.108232
0.085596
0.088409
0.131147
0.061408
0.046363
0.113646
0.077037
0.025027
0.086199
0.068241
0.087366
0.112354
0.041958
0.067174
0.08165
0.05945
0.06483
0.038246
0.104778
0.073585
0.105645
0.029362
0.016654
0.103797
0.016271
0.056418
0.083094
0.150663
0.123109
0.048811
0.113152
0.028314
0.062339
0.055158
0.041388
0.107648
0.102405
0.213584
0.03255
0.063361
0.121536
0.063412
0.141076
0.057282
0.077774
0.048557
0.089644
0.175029
0.025646
0.045852
0.09774
0.067669
0.028697
0.091105
0.133422
0.068776
0.100549
0.100667
0.089227
0.0511
0.092017
0.0266
0.109246
0.031073
0.07965
0.193121
0.171794
0.091843
0.039856
0.109702
0.134246
0.080703
0.162249
0.049363
0.145101
0.168763
0.04649
0.068115
0.142978
0.12066
0.064629
0.100676
0.066447
0.078637
0.062411
0.061297
0.079414
0.082851
0.090707
0.092942
0.117169
0.090307
0.083675
0.032368
0.267235
0.069223
0.110024
0.06794
0.172952
0.145873
0.199838
0.068012
0.090599
0.035679
0.092481
0.120378
0.107105
0.117895
0.058618
0.028027
0.168482
0.040668
0.257276
0.128068
0.171095
0.081429
0.584674
0.072526
0.03388
0.04747
0.073754
0.041604
0.207881
0.090747
0.111053
0.210512
0.04057
0.180269
0.068846
0.089524
0.092293
0.042071
0.10854
0.116435
0.066537
0.084637
0.089337
0.061456
0.059812
0.124663
0.099234
0.273833
0.03355
0.152298
0.104007
0.044675
0.06174
0.100517
0.13423
0.058928
0.069698
0.12641
0.222871
0.098274
0.164552
0.075864
0.104729
0.166143
0.195089
0.135071
0.188283
0.055261
0.06471
0.110153
0.092816
0.078738
0.033356
0.033969
0.03882
0.111178
0.067575
0.125656
0.084922
0.028509
0.068777
0.116634
0.172554
0.111658
0.080996
0.098575
0.043525
0.148274
0.049979
0.152597
0.179799
0.080064
0.082802
0.038911
0.076454
0.108232
0.095971
0.032435
0.09749
0.058504
0.141873
0.195124
0.180578
0.070774
0.077888
0.11276
0.116311
0.083627
0.257062
0.084856
0.144252
0.212534
0.092032
0.089568
0.116866
0.026897
0.04376
0.055865
0.194724
0.179259
0.12987
0.083388
0.048495
0.067852
0.071143
0.114744
0.13107
0.141117
0.029611
0.050467
0.062364
0.066195
0.07828
0.13326
0.059632
0.118636
0.037146
0.171306
0.096424
0.034885
0.084511
0.102378
0.082633
0.052608
0.080734
0.026482
0.127711
0.094927
0.108833
0.027473
0.071229
0.127454
0.075304
0.047938
0.021405
0.117645
0.052165
0.149791
0.211612
0.101135
0.112095
0.088321
0.117403
0.078491
0.093345
0.058662
1.057182
0.163405
0.06173
0.099544
0.159422
0.050394
0.02876
0.09195
0.098451
0.026053
0.12839
0.117409
0.030467
0.049031
0.029161
0.109128
0.089138
0.079255
0.027119
0.083555
0.155878
0.096534
0.113254
0.03213
0.179514
0.075124
0.133606
0.154071
0.038696
0.091988
0.133297
0.110248
0.083428
0.148686
0.034588
0.132957
0.152529
0.072465
0.055348
0.073377
0.039385
0.970742
0.122346
0.452603
0.092225
0.143651
0.016584
0.128008
0.151778
0.035394
0.133984
0.150422
0.087835
0.100932
0.138843
0.090664
0.219297
0.196154
0.062347
0.019858
0.12726
0.117709
0.065122
0.081166
0.114256
0.047528
0.037788
0.057728
0.048791
0.046645
0.023558
0.149307
0.079812
0.083075
0.222212
0.127567
0.188299
0.207878
0.047397
0.119256
0.111476
0.174665
0.109045
0.101034
0.062033
0.082376
0.149298
0.049828
0.033426
0.090612
0.16234
0.218108
0.061475
0.090371
0.117596
0.135573
0.0246
0.151807
0.110225
0.040564
0.059575
0.129935
0.112579
0.083655
0.226941
0.101389
0.05547
0.050903
0.076622
0.031663
0.04696
0.128686
0.026427
0.19513
0.227174
0.067417
0.055949
0.082674
0.108303
0.030919
0.224666
0.101431
0.059198
0.027443
0.094695
0.089689
0.232182
0.113915
0.055015
0.09418
0.073017
0.149887
0.027054
0.060164
0.079267
0.120103
0.100488
0.074471
0.142459
0.170274
0.091859
0.238511
0.084017
0.048683
0.158524
0.086434
0.155643
0.08178
0.069366
0.09808
0.101605
0.047078
0.130671
0.081562
0.065768
0.025128
0.16448
0.11705
0.152364
0.079297
0.227893
0.116968
0.058867
0.128856
0.163073
0.080637
0.18295
0.07106
0.089871
0.08188
0.096103
0.016728
0.097442
0.183169
0.127247
0.063738
0.062147
0.071464
0.061118
0.061998
0.238695
0.038357
0.082087
0.029182
0.064103
0.24194
0.143166
0.061587
0.057407
0.080795
0.114059
0.139445
0.026892
0.01706
0.18419
0.028041
0.07322
0.035961
0.041539
0.058452
0.096183
0.029469
0.10031
0.113008
0.081869
0.134966
0.044299
0.049037
0.377355
0.112421
0.088254
0.111356
0.106427
0.083946
0.10928
0.038431
0.115828
0.108668
0.055368
0.054665
0.109358
0.057638
0.155366
0.016759
0.190623
0.128909
0.057583
0.119628
0.032393
0.03847
0.093081
0.101727
0.087756
0.075845
0.073729
0.132273
0.029496
0.051336
0.123732
0.114125
0.088198
0.062653
0.068712
0.053332
0.052284
0.062401
0.056763
0.036709
0.059203
0.066162
0.063608
0.13273
0.238338
0.029588
0.128201
0.186213
0.070928
0.044133
0.12167
0.100123
0.100031
0.136292
0.046022
0.107873
0.103786
0.084355
0.090936
0.038528
0.097016
0.128701
0.20925
0.052446
0.071194
0.030034
0.064116
0.088344
0.067233
0.042574
