0.400911
0.248887
0.265517
0.257512
0.312369
0.249355
0.284405
0.282962
0.293214
0.237636
0.26361
0.302247
0.247404
0.272901
0.244561
0.377965
0.25557
0.257905
0.268128
0.241075
0.289686
0.268355
0.235935
0.274313
0.242313
0.298424
0.726881
0.249411
0.279939
0.274628
0.333769
0.37309
0.512157
0.26261
0.367715
0.241433
0.295221
0.270574
0.262233
0.239489
0.245926
0.293462
0.261468
0.248408
0.283777
0.250089
0.290859
0.526931
0.534213
0.384334
0.251788
0.255353
0.272482
0.291395
0.286658
0.252659
0.355104
0.24711
0.243214
0.373069
0.25262
0.291974
0.260893
0.24593
0.303127
0.468708
0.252953
0.29429
0.247545
0.241008
0.324318
0.327118
0.279112
0.310053
0.31346
0.248549
0.247409
0.24719
0.268062
0.261736
0.251342
0.241302
0.243626
0.390853
0.239954
0.312267
0.258499
0.24488
0.279819
0.674625
0.252682
0.258312
0.325261
0.245202
0.266523
0.55833
0.269862
0.266131
0.364166
0.270379
0.254619
0.241552
0.264664
0.391964
0.254848
0.257461
0.319315
0.255308
0.272126
0.253567
0.312113
0.259066
0.308707
0.284051
0.331636
0.257459
0.26599
0.246797
0.356303
0.279209
0.259845
0.348068
0.261602
0.249416
0.317242
0.268227
0.294099
0.249333
0.328191
0.247824
0.324818
0.285579
0.302776
0.300948
0.294071
0.253561
0.241199
0.282976
0.241838
0.262812
0.238968
0.241213
0.334546
0.274308
0.256666
0.303425
0.255438
0.286305
0.296542
0.261522
0.320133
0.256072
0.248883
0.260841
0.24454
0.275179
0.280129
0.246872
0.241528
0.303406
0.240505
0.30399
0.244475
0.256436
0.387323
0.249255
0.306086
0.260767
0.30362
0.323162
0.248479
0.244656
0.287582
0.245213
0.433095
0.254824
0.276985
0.381001
0.255851
0.268427
0.241584
0.323877
0.264493
0.295277
0.330126
0.357693
0.248622
0.388558
0.253821
0.299437
0.271973
0.267471
0.297261
0.255328
0.326801
0.251906
0.249672
0.374429
0.247997
0.336404
0.24064
0.335844
0.257088
0.252605
0.273245
0.262345
0.288769
0.270787
0.254432
0.334564
0.367817
0.251798
0.335177
0.36905
0.256462
0.262273
0.290898
0.264266
0.262524
0.264196
0.257495
0.304807
0.246221
0.306278
0.355144
0.256377
0.249861
0.321175
0.258471
0.264278
0.257429
0.253383
0.266461
0.258099
0.325517
0.258676
0.249921
0.283889
0.255141
0.244001
0.316544
0.264801
0.246942
0.350859
0.258396
0.263186
0.260437
0.246495
0.309316
0.310272
0.243565
0.307584
0.242695
0.25772
0.37847
0.262915
0.289025
0.296438
0.258188
0.250459
0.320433
0.317036
0.701646
0.244231
0.420176
0.26867
0.263016
0.279141
0.427917
0.266014
0.334917
0.238066
0.330454
0.292351
0.279165
0.280733
0.280654
0.25702
0.274134
0.306363
0.349814
0.262991
0.260833
0.245126
0.324331
0.260794
0.266019
0.283574
0.39678
0.268754
0.334712
0.263798
0.348283
0.251154
0.274568
0.309032
0.281781
0.256127
0.242653
0.244792
0.312878
0.346833
0.279617
0.258495
0.314397
0.277756
0.244291
0.296563
0.328369
0.277915
0.315987
0.2409
0.295653
0.239075
0.4233
0.25405
0.301712
0.303642
0.287983
0.268931
0.268004
0.247262
0.303737
0.298246
0.251105
0.311331
0.263392
0.248898
0.325229
0.265852
0.317099
0.275588
0.248919
0.251907
0.355691
0.243366
0.243001
0.285085
0.267938
0.325656
0.288911
0.304749
0.278208
0.244999
0.240059
0.297826
0.308954
0.420438
0.248917
0.242787
0.246746
0.310202
0.272579
0.319933
0.30505
0.302842
0.263992
0.258584
0.311212
0.250458
0.300171
0.24699
0.308187
0.283193
0.28418
0.34399
0.239064
0.255911
0.261737
0.277235
0.277849
0.262705
0.281127
0.301331
0.244709
0.252864
0.268809
0.24157
0.354744
0.319208
0.260996
0.314341
0.251682
0.349657
0.262291
0.29515
0.268798
0.272298
0.339346
0.240289
0.356053
0.299045
0.280265
0.250513
0.244817
0.257689
0.356828
0.268547
0.245256
0.278946
0.329037
0.265434
0.288412
0.248113
0.316025
0.248792
0.320545
0.316788
0.252257
0.284641
0.269269
0.298121
0.264102
0.255698
0.253621
0.310058
0.242886
0.387261
0.315519
0.303597
0.285871
0.302628
0.252108
0.240389
0.25383
0.349481
0.244063
0.320525
0.337448
0.268135
0.326157
0.308738
0.563975
0.246664
0.248654
0.263525
0.349451
0.270273
0.346166
0.257399
0.306083
0.249345
0.30695
0.297006
0.236862
0.262477
0.279518
0.295507
0.284225
0.273219
0.375214
0.323621
0.285361
0.261679
0.261667
0.329775
0.248635
0.367662
0.315396
0.31133
0.266818
0.258364
0.246403
0.327037
0.270176
0.26258
0.290773
0.241273
0.247927
0.341846
0.248781
0.346562
0.283501
0.271254
0.327022
0.293339
0.248537
0.350415
0.286352
0.248188
0.294742
0.299546
0.246192
0.250066
0.253679
0.344708
0.271868
0.267944
0.279255
0.356739
0.248871
0.34015
0.25262
0.256238
0.274357
0.32525
0.260655
0.327007
0.312242
0.268405
0.281864
0.239939
0.26113
0.241004
0.254
0.271047
0.305287
0.299456
0.299557
0.268632
0.266724
0.348729
0.245003
0.264684
0.27259
0.403837
0.253291
0.258378
0.326262
0.281077
0.25246
0.256101
0.299593
0.250333
0.393033
0.296948
0.25845
0.335407
0.255916
0.362776
0.255698
0.2587
0.247116
0.284244
0.27687
0.239704
0.252048
0.346574
0.245529
0.2461
0.34979
0.24847
0.263317
0.316361
0.24162
0.269675
0.241438
0.238369
0.349219
0.239899
0.263797
0.379371
0.248287
0.293209
0.261637
0.306036
0.256928
0.296527
0.244554
0.272472
0.351003
0.259024
0.298068
0.309715
0.26128
0.250676
0.331931
0.286793
0.260114
0.318897
0.242109
0.251872
0.36024
0.257914
0.259486
0.277715
0.260817
0.248392
0.290856
0.259032
0.273603
0.266726
0.360353
0.289148
0.323402
0.276976
0.300303
0.25601
0.270626
0.262598
0.294148
0.315178
0.242911
0.260563
0.259545
0.258844
0.292231
0.272652
0.264533
0.298811
0.238208
0.244234
0.721838
0.361483
0.260543
0.245011
0.240666
0.252892
0.406545
0.244097
0.250475
0.271829
0.271376
0.254594
0.26171
0.252812
0.421412
0.315868
0.307851
0.259867
0.327121
0.325163
0.244638
0.298558
0.292887
0.309004
0.260527
0.304268
0.261338
0.431659
0.264227
0.277128
0.299786
0.258435
0.269913
0.333335
0.245455
0.296918
0.261118
0.348895
0.435037
0.261465
0.286681
0.330328
0.304823
0.264169
0.246089
0.328958
0.237765
0.255397
0.368097
0.275681
0.291457
0.255874
0.304889
0.315311
0.288962
0.258437
0.328811
0.325414
0.308238
0.26025
0.340276
0.24535
0.244839
0.267754
0.295583
0.352864
0.439984
0.252954
0.243073
0.379652
0.264189
0.262683
0.265541
0.307934
0.252932
0.295347
0.365686
0.285816
0.261091
0.249126
0.291975
0.258264
0.262914
0.276657
0.295735
0.325226
0.247205
0.295938
0.248557
0.268872
0.359904
0.244219
0.304102
0.256798
0.245792
0.346054
0.25619
0.278503
0.244289
0.329299
0.300877
0.369298
0.295067
0.291179
0.265783
0.273423
0.249856
0.294346
0.267398
0.244938
0.276493
0.296263
0.303856
0.262242
0.250124
0.292253
0.261697
0.263621
0.260676
0.308818
0.262214
0.243958
0.345779
0.366343
0.250502
0.331305
0.266748
0.261943
0.368759
0.246144
0.269415
0.254325
0.306338
0.29048
0.293884
0.341072
0.314945
0.3514
0.270744
0.259661
0.248855
0.308339
0.26005
0.247669
0.256412
0.255166
0.268363
0.259659
0.261004
0.320307
0.247344
0.27997
0.252945
0.318641
0.254182
0.245006
0.298908
0.33409
0.243127
0.292254
0.24758
0.305314
0.245758
0.332402
0.313801
0.596445
0.258253
0.252917
0.404064
0.258615
0.404431
0.313164
0.2692
0.305678
0.260518
0.306956
0.260866
0.315199
0.27685
0.345634
0.318828
0.331401
0.24928
0.359906
0.257351
0.307105
0.257938
0.238828
0.259978
0.243696
0.36144
0.286039
0.285399
0.256044
0.283559
0.321613
0.303873
0.311914
0.369503
0.247849
0.420431
0.323555
0.266794
0.318459
0.254184
0.313151
0.36439
0.258542
0.237557
0.313244
0.240483
0.271801
0.280212
0.282192
0.370747
0.265907
0.343991
0.273203
0.254698
0.351953
0.259034
0.261537
0.261295
0.241589
0.341691
0.245733
0.267342
0.252838
0.314647
0.288211
0.244478
0.254382
0.275192
0.254339
0.264373
0.295802
0.266487
0.3025
0.25618
0.269298
0.317633
0.24843
0.349035
0.245034
0.274304
0.443675
0.261811
0.294953
0.258891
0.290193
0.252995
0.249484
0.341916
0.261356
0.255064
0.295779
0.253208
0.311923
0.25929
0.296419
0.27054
0.316396
0.247207
0.254929
0.262961
0.458891
0.292643
0.277923
0.253632
0.235895
0.26448
0.287018
0.244326
0.254617
0.271477
0.2415
0.29107
0.260261
0.303981
0.270668
0.252286
0.264845
0.299999
0.248641
0.252052
0.338224
0.249845
0.262636
0.312672
0.322362
0.264912
0.290913
0.250773
0.334167
0.245072
0.3138
0.246727
0.251185
0.296355
0.294584
0.246711
0.296897
0.243379
0.253284
0.260255
0.253889
0.384729
0.310488
0.277126
0.439755
0.269033
0.424469
0.252726
0.249953
0.331767
0.241801
0.316216
0.304112
0.296357
0.264216
0.250846
0.247954
0.331748
0.254964
0.244071
0.266944
0.333436
0.252846
0.290578
0.725895
0.347438
0.313443
0.323236
0.255706
0.336136
0.299635
0.29962
0.265509
0.270673
0.265963
0.309003
0.255263
0.314512
0.294843
0.251789
0.341532
0.268459
0.271821
0.335314
0.241396
0.249029
0.355794
0.245302
0.241911
0.29075
0.258543
0.29174
0.242022
0.259426
0.342055
0.258067
0.250679
0.24573
0.327528
0.248335
0.263983
0.287114
0.291522
0.295711
0.321503
0.258487
0.291858
0.257835
0.267716
0.251346
0.261315
0.331601
0.257846
0.246873
0.287383
0.303252
0.265114
0.263854
0.267541
0.324155
1.078258
0.243484
0.265589
0.254289
0.297561
0.259362
0.315083
0.258026
0.2756
0.353295
0.27206
0.450708
0.251361
