0.252586
0.264804
0.323293
0.25404
0.253532
0.265102
0.239822
0.299381
0.259267
0.243921
0.249191
0.414046
0.335254
0.245679
0.322563
0.288745
0.311634
0.247708
0.274233
0.310712
0.250237
0.237668
0.314002
0.25687
0.313433
0.246506
0.266078
0.261779
0.240212
0.241024
0.25113
0.270137
0.250176
0.254011
0.402878
0.31029
0.271827
0.298288
0.256591
0.289877
0.233249
0.234927
0.277725
0.313062
0.251373
0.339899
0.286486
0.262545
0.241124
0.24104
0.297026
0.299946
0.334658
0.313154
0.347739
0.246247
0.240129
0.241884
0.283309
0.255395
0.255217
0.272944
0.669565
0.30669
0.240391
0.315373
0.27554
0.238092
0.26246
0.275013
0.304092
0.331811
0.254356
0.260791
0.277242
0.235103
0.304857
0.241532
0.266019
0.31791
0.354036
0.298013
0.275752
0.255577
0.255986
0.348255
0.261158
0.250596
0.262109
0.283009
0.238104
0.256184
0.279929
0.246783
0.252102
0.314719
0.238323
0.256926
0.243729
0.308276
0.289143
0.277441
0.243986
0.656123
0.245647
0.242421
0.250732
0.259914
0.377623
0.240421
0.249796
0.241519
0.246678
0.261251
0.250448
0.249636
0.324161
0.299586
0.247943
0.55906
0.278406
0.245056
0.33001
0.247478
0.242032
0.313156
0.332343
0.240717
0.25878
0.268521
0.249999
0.270717
0.237607
0.237472
0.293661
0.248541
0.294174
0.322303
0.264163
0.258671
0.288734
0.246555
0.2859
0.379837
0.238332
0.259032
0.281907
0.242156
0.296924
0.293509
0.249922
0.339913
0.255225
0.288038
0.295484
0.254607
0.304135
0.23462
0.242276
0.26307
0.283396
0.2454
0.252591
0.347182
0.264551
0.267227
0.276801
0.245775
0.336594
0.252749
0.249218
0.31612
0.372446
0.258557
0.28767
0.250656
0.257653
0.333292
0.322172
0.279724
0.278296
0.247195
0.289264
0.668888
0.290001
0.241429
0.240988
0.282717
0.75997
0.256166
0.238631
0.272306
0.327642
0.25783
0.263132
0.241663
0.283148
0.254385
0.277732
0.250743
0.330146
0.302102
0.259586
0.274904
0.290687
0.243219
0.245932
0.296802
0.29925
0.294764
0.313579
0.270424
0.254164
0.296087
0.269718
0.350391
0.237733
0.314734
0.246696
0.246774
0.267821
0.239324
0.242974
0.326481
0.314208
0.270745
0.293528
0.313942
0.266897
0.235629
0.243966
0.318035
0.264663
0.248956
0.257232
0.290091
0.246614
0.246949
0.249097
0.243687
0.260497
0.240204
0.246169
0.283523
0.243551
0.258771
0.281264
0.26298
0.288772
0.307227
0.251698
0.281696
0.343351
0.34201
0.311428
0.236418
0.236715
0.264785
0.272701
0.241506
0.377619
0.304724
0.266532
0.248276
0.328238
0.246377
0.586725
0.261069
0.236692
0.244183
0.308677
0.25046
0.279331
0.291542
0.248384
0.288362
0.242623
0.340235
0.314691
0.4632
0.384446
0.239102
0.248744
0.273814
0.240935
0.247641
0.271967
0.301349
0.2649
0.254053
0.247211
0.351972
0.264811
0.27602
0.328536
0.256297
0.251755
0.273582
0.244731
0.358289
0.280941
0.299366
0.269969
0.307446
0.26088
0.250588
0.294695
0.248361
0.279513
0.259085
0.262719
0.286231
0.320357
0.254465
0.243199
0.285109
0.252795
0.239877
0.251751
0.373417
0.303823
0.245069
0.305915
0.297134
0.306415
0.264844
0.311139
0.288193
0.250334
0.306175
0.240797
0.326177
0.250745
0.238985
0.262893
0.300858
0.251062
0.27434
0.240697
0.241873
0.285425
0.271088
0.264388
0.259249
0.330782
0.262315
0.263503
0.2599
0.287498
0.305943
0.270583
0.244979
0.248472
0.353852
0.288403
0.248551
0.241479
0.309998
0.26926
0.251393
0.276428
0.294993
0.236082
0.247737
0.270518
0.269179
0.258811
0.290133
0.237508
0.285895
0.313317
0.246691
0.260289
0.257627
0.289444
0.294602
0.252254
0.251996
0.320722
0.251482
0.259898
0.249855
0.295624
0.29338
0.306303
0.258585
0.247175
0.256089
0.292223
0.244981
0.245488
0.265975
0.294402
0.260386
0.271966
0.336663
0.257355
0.316306
0.377047
0.241415
0.247506
0.237303
0.259629
0.332286
0.293932
0.24652
0.358277
0.264756
0.321353
0.27699
0.244081
0.248843
0.299187
0.248602
0.308736
0.244799
0.309791
0.307451
0.248903
0.307068
0.246557
0.254556
0.311823
0.321859
0.26936
0.369758
0.288726
0.256704
0.328589
0.253477
0.324583
0.242733
0.308444
0.396379
0.251064
0.292004
0.262347
0.421212
0.248758
0.251068
0.2561
0.291158
0.247019
0.257962
0.263601
0.276076
0.260851
0.29658
0.239535
0.266923
0.297004
0.246394
0.247219
0.302168
0.250766
0.348067
0.499281
0.27718
0.406507
0.39007
0.302893
0.303162
0.241651
0.272405
0.319414
0.25917
0.244873
0.340206
0.267635
0.27434
0.311539
0.25487
0.289957
0.260196
0.245653
0.301621
0.251318
0.311334
0.295102
0.295624
0.247184
0.246331
0.288886
0.280576
0.238706
0.275128
0.280712
0.23512
0.26163
0.246736
0.241271
0.3167
0.248825
0.279363
0.286872
0.268973
0.247171
0.29229
0.272242
0.299451
0.239025
0.281851
0.268959
0.251486
0.294549
0.355082
0.258855
0.314987
0.295042
0.25127
0.245161
0.292406
0.245119
0.280303
0.374423
0.260301
0.314732
0.240755
0.292177
0.280744
0.240723
0.29599
1.152296
0.253297
0.33059
0.282101
0.756725
0.277156
0.247161
0.288707
0.244894
0.246654
0.2582
0.348232
0.245409
0.281615
0.246769
0.291149
0.281169
0.297728
0.263784
0.298041
0.244115
0.339013
0.247292
0.254937
0.274629
0.249699
0.255964
0.261239
0.303556
0.290315
0.258133
0.314182
0.232576
0.314989
0.245404
0.298612
0.281315
0.302064
0.242656
0.315247
0.268315
0.236613
0.32689
0.262043
0.255799
0.288192
0.242242
0.255294
0.311143
0.256897
0.272287
0.25421
0.256516
0.557414
0.250712
0.23827
0.301285
0.333335
0.245306
0.311411
0.350496
0.236393
0.245775
0.253764
0.296645
0.268485
0.242767
0.255171
0.318683
0.254256
0.287903
0.277643
0.244341
0.252826
0.302194
0.285568
0.295083
0.251263
0.285013
0.299525
0.331854
0.262086
0.365216
0.250446
0.300784
0.277398
0.257915
0.282407
0.299074
0.259196
0.289364
0.263025
0.241166
0.305092
0.261339
0.241401
0.30897
0.254587
0.266891
0.251412
0.247655
0.24726
0.255596
0.356388
0.265701
0.265535
0.256486
0.245438
0.256541
0.296616
0.284167
0.236884
0.301919
0.408552
1.430825
0.24036
0.259572
0.244602
0.312791
0.288525
0.248819
0.291468
0.252756
0.245583
0.296293
0.284415
0.245885
0.294635
0.243575
0.305624
0.322875
0.266202
0.328361
0.257665
0.25305
0.251256
0.258133
0.335937
0.248124
0.241478
0.26234
0.242558
0.278534
0.263003
0.267362
0.31977
0.265392
0.250522
0.259231
0.323998
0.256914
0.261446
0.274672
0.357946
0.256945
0.282621
0.289562
0.256802
0.258291
0.305725
0.312434
0.253257
0.263527
0.249624
0.247547
0.283472
0.353914
0.247964
0.249084
0.27415
0.287724
0.262678
0.293467
0.242403
0.25955
0.313655
0.240751
0.274304
0.302429
0.29808
0.255729
0.26083
0.265055
0.25559
0.259229
0.255255
0.281468
0.307257
0.253967
0.301215
0.248108
0.295528
0.245731
0.242541
0.318089
0.269616
0.261284
0.31458
0.249032
0.273728
0.245038
0.245252
0.324352
0.241669
0.263652
0.273069
0.243755
0.28328
0.260159
0.234785
0.284216
0.283744
0.242649
0.24395
0.268929
0.245278
0.280678
0.273326
0.303981
0.247276
0.306049
0.254154
0.241783
0.24911
0.259334
0.243398
0.256175
0.300675
0.255678
0.295782
0.266262
0.279653
0.298815
0.250911
0.284409
0.282112
0.248605
0.301628
0.300572
0.247114
0.256825
0.271698
0.241276
0.258922
0.296363
0.244068
0.251125
0.244714
0.262308
0.278296
0.245651
0.241547
0.278283
0.294595
0.237416
0.277624
0.246496
0.247322
0.324871
0.320398
0.246592
0.290913
0.250403
0.260733
0.237051
0.251858
0.322992
0.300367
0.237611
0.292821
0.244265
0.246494
0.308214
0.262272
0.277057
0.267969
0.246102
0.277618
0.257029
0.2474
0.246148
0.277606
0.346505
0.265762
0.294116
0.273592
0.328249
0.257953
0.29783
0.267476
0.287036
0.261183
0.286511
0.245002
0.433663
0.38925
0.24442
0.310739
0.254624
0.335765
0.277048
0.238482
0.244889
0.252583
0.331629
0.307231
0.313298
0.272916
0.249285
0.244308
0.291473
0.316884
0.239751
0.257467
0.295725
0.25428
0.238854
0.320335
0.235717
0.287872
0.246998
0.255021
0.309329
0.248897
0.249947
0.311536
0.289116
0.282146
0.309528
0.262065
0.308136
0.245499
0.280837
0.316257
0.291791
0.309432
0.248709
0.272901
0.357311
0.254972
0.282096
0.266825
0.316775
0.286149
0.249339
0.284958
0.294646
0.255105
0.269229
0.310977
0.251634
0.34929
0.252694
0.25561
0.362455
0.239814
0.264852
0.309067
0.247411
0.301898
0.291232
0.251046
0.241173
0.236599
0.296581
0.310926
0.262333
0.252594
0.240417
0.268107
0.252564
0.330778
0.248255
0.325011
0.252273
0.250617
0.256743
0.304004
0.240637
0.271669
0.308111
0.257028
0.283214
0.251142
0.27672
0.284978
0.253098
0.299411
0.2878
0.245382
0.276302
0.244193
0.338269
0.24192
0.240896
0.249817
0.287334
0.238127
0.264173
0.340457
0.240027
0.257238
0.291817
0.248715
0.344361
0.240444
0.248082
0.319776
0.27256
0.245906
0.264736
0.286899
0.242524
0.379032
0.249999
0.269787
0.249378
0.673078
0.358547
0.253914
0.455776
0.294693
0.263432
0.248902
0.270282
0.328042
0.247718
0.3415
0.306944
0.241552
0.302604
0.260453
0.23786
0.288757
0.358266
0.24508
0.272325
0.264448
0.298328
0.271583
0.308001
0.237692
0.281829
0.239819
0.317214
0.24132
0.245721
0.261049
0.284979
0.241903
0.264209
0.288538
0.243119
0.277709
0.267959
0.257012
0.246721
0.238048
0.305712
0.242598
0.249155
0.259443
0.246454
0.262759
0.259559
0.237864
0.242115
0.296529
0.28201
0.244538
0.303547
0.23871
0.246137
0.259587
0.52652
0.592575
0.242649
0.272428
