0.60267
0.017021
2.653955
0.025788
0.014981
0.020129
0.016877
0.014306
0.025783
0.014148
0.015457
0.021768
0.017412
0.023206
0.02557
0.016444
0.414764
0.014682
0.017157
0.020532
0.015366
0.014049
0.020212
0.015091
0.014908
0.019184
0.018764
0.033841
0.020538
0.015611
0.015269
0.086065
0.024862
0.018912
0.055691
0.01605
0.014818
0.017819
0.022602
0.017522
0.027538
0.015009
0.07514
0.015004
0.015676
0.020862
0.080393
0.014879
0.014613
0.019874
0.026556
0.016735
0.0151
0.021503
0.015039
0.015979
0.021325
0.015894
0.01824
0.023368
0.018274
0.017219
0.020593
0.025098
0.015512
0.108294
0.016875
0.020554
0.015395
0.013964
0.028523
0.01747
0.015375
0.023922
0.015907
0.018328
0.016429
0.015181
0.025466
0.01525
0.023459
0.023684
0.015642
0.014872
0.022745
0.074856
0.016232
0.025307
0.015307
0.014607
0.022261
0.015678
0.016349
0.022266
0.015356
0.020671
0.068343
0.015971
0.018066
0.016599
0.015648
0.026058
0.019884
0.015494
0.022444
0.015345
0.015525
0.025145
0.015938
0.025187
0.023019
0.016756
0.01917
0.049326
0.02099
0.02949
0.016639
0.026194
0.022784
0.016469
0.01657
0.023462
0.016858
0.017116
0.02613
0.020522
0.022387
0.01646
0.016108
0.021536
0.020799
0.017449
0.022452
0.01497
0.015564
0.021661
0.017727
0.01655
0.031807
0.020048
0.02611
0.019464
0.017769
0.061837
0.026098
0.017296
0.022082
0.025979
0.01631
0.01583
0.024782
0.018462
0.015805
0.024853
0.017143
0.022202
0.01776
0.07512
0.017772
0.018611
0.015911
0.047585
0.018131
0.016342
0.023205
0.0857
0.018615
0.308264
0.022554
0.020916
0.017406
0.021131
0.038456
0.017471
0.016698
0.020788
0.017176
0.019307
0.022733
0.020234
0.018643
0.024544
0.097708
0.020927
0.017244
0.017869
0.016919
0.041314
0.016223
0.017649
0.024835
0.017499
0.017641
0.025676
0.024743
0.023062
0.02212
0.023591
0.018175
0.023154
0.076012
0.016848
0.031133
0.017269
0.021527
0.02007
0.016472
0.019272
0.021498
0.016598
0.022667
0.021241
0.017966
0.016419
0.024967
0.02245
0.044481
0.019382
0.018349
0.02385
0.02379
0.018163
0.016725
0.033503
0.015891
0.016881
0.016348
0.07716
0.026959
0.018099
0.017491
0.018551
0.02067
0.027188
0.015924
0.018151
0.026575
0.021485
0.025829
0.017628
0.034182
0.01858
0.021673
0.023657
0.018789
0.023846
0.017983
0.015867
0.024043
0.017098
0.017226
0.027621
0.018583
0.019717
0.01737
0.025588
0.01744
0.022017
0.016137
0.019732
0.079707
0.018066
0.023782
0.015136
0.082705
0.02492
0.021615
0.019633
0.042383
0.02255
0.042163
0.048032
0.020989
0.025833
0.02221
0.09441
0.018031
0.023237
0.028087
0.018955
0.025583
0.019875
0.017822
0.024608
0.024445
0.022504
0.025447
0.023023
0.017963
0.023515
0.025345
0.027832
0.598245
0.026563
0.021875
0.032377
0.08114
0.01928
0.017444
0.083393
0.02289
0.034399
0.01838
0.025312
0.017309
0.022701
0.024136
0.01757
0.015622
0.022902
0.073065
0.017323
0.018536
0.018343
0.045997
0.029023
0.026707
0.02299
0.018776
0.024662
0.020546
0.022681
0.02936
0.040479
0.023825
0.027759
0.019132
0.024679
0.023169
0.021165
0.015635
0.021508
0.077958
0.015816
0.023083
0.077513
0.031761
0.01572
0.029233
0.027993
0.025626
0.02686
0.026154
0.022691
0.026538
0.022646
0.022841
0.019484
0.027374
0.016136
0.018593
0.028918
0.023755
0.023676
0.04637
0.01746
0.0231
0.022521
0.022789
0.030714
0.016893
0.016272
0.024979
0.014612
0.017138
0.027409
0.016397
0.018062
0.487575
0.022403
0.019498
0.024689
0.026852
0.025004
0.031453
0.016028
0.023673
0.022215
0.016373
0.084104
0.025622
0.022819
0.018542
0.019283
0.022017
0.117905
0.0188
0.024787
0.024928
0.046375
0.020956
0.017572
0.021772
0.027742
0.025139
0.016272
0.024861
0.084022
0.020565
0.024666
0.020401
0.02051
0.02437
0.02893
0.016942
0.026861
0.023799
0.019197
0.032322
0.023734
0.016399
0.024069
0.026019
0.019077
0.026615
0.016856
0.016703
0.068597
0.017728
0.022024
0.020211
0.023357
0.040187
0.036296
0.021577
0.016123
0.025143
0.025345
0.026962
0.030957
0.023444
0.018013
0.019888
0.022542
0.075662
0.029489
0.018073
0.020485
0.017087
0.035568
0.027644
0.021398
0.016159
0.039348
0.019353
0.016614
0.024446
0.026458
0.021986
0.025498
0.094114
0.022056
0.023041
0.023146
0.030777
0.018547
0.023202
0.024162
0.017199
0.022329
0.025233
0.017702
0.022227
0.016577
0.026234
0.038869
0.022919
0.062181
0.020542
0.016701
0.025895
0.021157
0.020091
0.025664
0.017828
0.021514
0.026045
0.020825
0.018236
0.02286
0.022373
0.061666
0.017355
0.018401
0.030073
0.041718
0.027608
0.101591
0.05563
0.022561
0.02056
0.043033
0.041525
0.021269
0.034679
0.083473
0.026105
0.022689
0.08369
0.029378
0.020327
0.025078
0.023868
0.025302
0.023251
0.017359
0.065781
0.016912
0.020321
0.020909
0.017925
0.015737
0.023345
0.020843
0.017456
0.022428
0.016698
0.019433
0.022607
0.022447
0.022552
0.028428
0.023481
0.016658
0.022975
0.023251
0.102553
0.021176
0.019539
0.028135
0.045814
0.017407
0.017362
0.077768
0.029313
0.017903
0.018576
0.01756
0.017496
0.022398
0.021395
0.020645
0.078998
0.028973
0.03456
0.304062
0.027029
0.017128
0.020287
0.028445
0.017374
0.019063
0.024145
0.01646
0.016622
0.02192
0.023033
0.021581
0.016875
0.02331
0.028971
0.018452
0.024362
0.029283
0.032966
0.060636
0.026668
0.027095
0.023893
0.088515
0.016598
0.056228
0.016949
0.023341
0.027969
0.016373
0.052401
0.018671
0.015988
0.019373
0.025911
0.018788
0.016437
0.017379
0.028722
0.023446
0.025645
0.024764
0.020948
0.016974
0.082508
0.016804
0.030727
0.01716
0.021893
0.026304
0.086239
0.02283
0.016537
0.080043
0.016193
0.022791
0.023588
0.016307
0.026219
0.022432
0.025052
0.016351
0.022528
0.017217
0.022485
0.045248
0.019583
0.017024
0.025195
0.020337
0.018326
0.025178
0.099052
0.022891
0.023955
0.023473
0.026101
0.018308
0.022114
0.025589
0.017236
0.088672
0.020434
0.021771
0.050055
0.078475
0.016742
0.025583
0.025885
0.02459
0.021496
0.025076
0.021069
0.023046
0.024168
0.016249
0.021611
0.034255
0.022349
0.031282
0.017284
0.024943
0.054715
0.026109
0.026027
0.027782
0.018134
0.021764
0.020117
0.021873
0.028898
0.016797
0.022027
0.027156
0.016537
0.016398
0.033277
0.022596
0.021953
0.022298
0.02406
0.024811
0.019239
0.017315
0.019826
0.016977
0.023004
0.016111
0.028605
0.027148
0.019075
0.081833
0.020282
0.0666
0.029152
0.018283
0.027738
0.01836
0.056181
0.017516
0.030515
0.030225
0.027371
0.016133
0.017283
0.028653
0.020065
0.326403
0.025918
0.016287
0.017338
0.030182
0.020373
0.022673
0.025873
0.016778
0.02068
0.017656
0.024108
0.077638
0.021507
0.016546
0.020409
0.015424
0.01736
0.029896
0.017007
0.017639
0.023596
0.024941
0.024914
0.600487
0.024901
0.021909
0.026711
0.085015
0.022614
0.03301
0.022045
0.031598
0.031201
0.082964
0.017306
0.016507
0.024885
0.01736
0.017475
0.027509
0.02033
0.016056
0.030819
0.019055
0.019785
0.023591
0.016785
0.628369
0.032055
0.025067
0.02831
0.018055
0.018539
0.016442
0.020921
0.028334
0.05965
0.027779
0.024883
0.024946
0.069603
0.018104
0.020877
0.016056
0.038334
0.02121
0.027052
0.031819
0.016025
0.020818
0.028423
0.039669
0.01678
0.036439
0.104169
0.018376
0.016265
0.026652
0.017231
0.021278
0.023125
0.02558
0.025457
0.02252
0.016437
0.025449
0.020472
0.017208
0.023272
0.022477
0.017552
0.023933
0.021086
0.022875
0.090231
0.020376
0.026256
0.018212
0.0216
0.039806
0.019187
0.017621
0.024411
0.017107
0.016839
0.027481
0.023215
0.027298
0.029324
0.019747
0.02344
0.025195
0.024012
0.021279
0.021177
0.020598
0.02677
0.033576
0.030369
0.031215
0.016786
0.032904
0.021766
0.023075
0.027403
0.017114
0.02235
0.024465
0.017099
0.019828
0.035167
0.026604
0.021716
0.025546
0.022682
0.020157
0.018072
0.019306
0.022302
0.025108
0.023029
0.019677
3.027746
0.02751
0.022689
0.11972
0.017229
0.022791
0.031416
0.015639
0.022846
0.059086
0.015793
0.019621
0.018287
0.023163
0.026171
0.036016
0.01645
0.017245
0.016868
0.050673
0.017932
0.017397
0.02147
0.078518
0.016816
0.016054
0.020842
0.030832
0.017055
0.016222
0.070754
0.021713
0.016439
0.029184
0.022415
0.366465
0.025225
0.033971
0.028305
0.025298
0.016633
0.024527
0.016286
0.022991
0.024606
0.020935
0.02593
0.01982
0.025476
0.02563
0.024862
0.025808
0.021157
0.022625
0.020527
0.019583
0.05033
0.022385
0.025911
0.022347
0.034282
0.032031
0.061706
0.016236
0.033175
0.016784
0.017365
0.022194
0.021591
0.058104
0.024965
0.021755
0.024824
0.021544
0.028779
0.017527
0.019855
0.019109
0.01863
0.017158
0.019864
0.024624
0.02162
0.018284
0.025651
0.015525
0.022398
0.017368
0.025611
0.021277
0.021235
0.021641
0.190897
0.015576
0.02693
0.026011
0.022926
0.022537
0.110289
0.022729
0.021062
0.026942
0.075795
0.040079
0.016328
0.023578
0.050948
0.024733
0.021088
0.025132
0.021265
0.021587
0.02801
0.076525
0.016296
0.601621
0.022197
0.020819
0.0246
0.019245
0.022068
0.018623
0.021157
0.023442
0.017112
0.017137
0.026454
0.024225
0.019768
0.02778
0.022039
0.018954
0.029698
0.024709
0.021717
0.026016
0.035898
0.03315
0.060976
0.041971
0.079691
0.021375
0.029903
0.028102
0.017959
0.021201
0.02476
0.021211
0.01623
0.019499
0.016922
0.025728
0.019406
0.028364
0.025983
0.024856
0.536365
0.024154
0.016787
0.025618
0.02101
0.019643
0.051141
0.02217
