0.02584
0.021384
0.017759
0.01547
0.019466
0.015482
0.017908
0.021933
0.015892
0.022998
0.020409
0.015841
0.018401
0.023977
0.549726
0.030547
0.020367
0.07137
0.017466
0.015746
0.017804
0.019643
0.017717
0.023296
0.015907
0.090623
0.024555
0.017161
0.027956
0.108011
0.017982
0.0254
0.017743
0.022706
0.124783
0.015631
0.021132
0.020538
0.041286
0.022234
0.024794
0.019997
0.02236
0.022071
0.016813
0.018325
0.027069
0.015493
0.020835
0.023055
0.016005
0.016389
0.021452
0.079991
0.025171
0.015008
0.016817
0.029276
0.021223
0.017487
0.025814
0.017332
0.016717
0.019906
0.018074
0.016884
0.019307
0.025208
0.024984
0.040468
0.015535
0.02557
0.016676
0.035362
0.032285
0.116804
0.021924
0.02138
0.020075
0.022233
0.029677
0.021286
0.020333
0.016721
0.022545
0.023241
0.042349
0.018515
0.018126
0.220685
0.020863
0.022622
0.02763
0.021255
0.018184
0.026502
0.016275
0.018734
0.063495
0.018499
0.019164
0.021556
0.023055
0.016524
0.02708
0.016727
0.03581
0.023201
0.015969
0.017852
0.027851
0.018422
0.022516
0.021337
0.018884
0.023975
0.039372
0.019508
0.046835
0.024647
0.039291
0.035775
0.019243
0.023017
0.016793
0.030449
0.024206
0.016558
0.024771
0.026805
0.016574
0.022956
0.015371
0.016
0.020776
0.047699
0.017266
0.028528
0.023098
0.023754
0.61703
0.027911
0.020317
0.023548
0.018597
0.023204
0.025008
0.020514
0.020001
0.023901
0.018411
0.025441
0.016795
0.023591
0.021438
0.023998
0.033898
0.069658
0.020151
0.023811
0.017007
0.018608
0.059698
0.038657
0.045418
0.092542
0.018379
0.020618
0.023012
0.026163
0.023634
0.033367
0.027798
0.02024
0.020001
0.019504
0.022668
0.022706
0.017724
0.017716
0.080122
0.021634
0.021626
0.084246
0.02587
0.022448
0.034823
0.018416
0.02615
0.073628
0.018583
0.026834
0.019053
0.026831
0.025168
0.016095
0.01835
0.030751
0.017554
0.021877
0.01812
0.060662
0.028476
0.022963
0.023886
0.02437
0.023344
0.019529
0.022243
0.021786
0.023537
0.018829
0.016277
0.023004
0.017697
0.491885
0.024756
0.018626
0.024182
0.016104
0.018668
0.029848
0.025148
0.016693
0.088654
0.024609
0.028818
0.025365
0.023918
0.026153
0.022578
0.07262
0.021062
0.024228
0.02237
0.016691
0.022048
0.026531
0.019311
0.024975
0.097388
0.024852
0.023359
0.030251
0.024507
0.089657
0.024438
0.025118
0.023581
0.021984
0.026568
0.024773
0.016741
0.028306
0.022291
0.027748
0.03016
0.021307
0.02735
0.023249
0.017845
0.022308
0.016407
0.110876
0.022399
0.017649
0.082084
0.017568
0.027287
0.031371
0.022626
0.022503
0.023311
0.019639
0.032614
0.074491
0.044708
0.025766
0.02368
0.066449
0.01649
0.020093
0.028464
0.01618
0.018257
0.020958
0.026326
0.018695
0.022593
0.024972
0.022552
0.017983
0.017813
0.027578
0.024048
0.023575
0.023214
0.131383
0.027274
0.01998
0.029705
0.026393
0.022866
0.033832
0.019485
0.017617
0.176109
0.018887
0.090129
0.028301
0.058693
0.023601
0.026169
0.023553
0.020071
0.025131
0.018338
0.027702
0.015902
0.024673
0.01762
0.020752
0.020098
0.023458
0.022468
0.027118
0.018042
0.020786
0.024392
0.025568
0.022569
0.03533
0.019424
0.026355
0.023798
0.026433
0.018742
0.115331
0.026701
0.019904
0.048537
0.026727
0.022216
0.018892
0.0366
0.018469
0.030346
0.08277
0.02029
0.033418
0.02116
0.018084
0.477024
0.088534
0.023045
0.03325
0.022855
0.022877
0.020882
0.023754
0.021903
0.127893
0.030071
0.029808
0.023508
0.087799
0.023363
0.027531
0.026406
0.027192
0.016252
0.040851
0.021669
0.026949
0.024911
0.021742
0.023896
0.022124
0.019322
0.022293
0.028814
0.018605
0.055266
0.016315
0.02688
0.042871
0.017196
0.023712
0.019867
0.029818
0.025284
0.02227
0.02298
0.032957
0.026424
0.023384
0.021656
0.021884
0.027908
0.08814
0.034958
0.027749
0.056596
0.076807
0.027055
0.022862
0.022934
0.022077
0.02111
0.017297
0.029559
0.017887
0.023667
0.016807
0.021524
0.028427
0.02458
0.018389
0.020423
0.020917
0.028861
0.0185
0.102873
0.023027
0.022265
0.028039
0.021491
0.016427
0.028823
0.0259
0.016999
0.024264
0.025356
0.052491
0.042974
0.03524
0.02718
0.039368
0.018296
0.019119
0.016991
0.016003
0.016729
0.087573
0.025029
0.047197
0.031478
0.089144
0.02626
0.051808
0.020222
0.025322
0.043537
0.027417
0.024612
0.028292
0.021088
0.024164
0.036817
0.025047
0.016084
0.017839
0.02031
0.17188
0.01753
0.019155
0.017669
0.019159
0.018096
0.025792
0.040241
0.017701
0.021911
0.057145
0.026118
0.023853
0.115459
0.07306
0.032515
0.027339
0.033587
0.025055
0.020426
0.060843
0.103411
0.043175
0.041515
0.019352
0.03062
0.027838
0.02245
0.022539
0.026432
0.02434
0.413172
0.021885
0.041987
0.026606
0.022232
0.033583
0.023126
0.033053
0.024798
0.023133
0.027433
0.036879
0.024281
0.025229
0.025232
0.029453
0.015662
0.025991
0.030131
0.027093
0.031962
0.041422
0.02465
0.489302
0.022735
0.017233
0.026548
0.021906
0.026245
0.022767
0.026913
0.022016
0.023227
0.022461
0.077143
0.016841
0.01805
0.128452
0.022508
0.032407
0.036034
0.023706
0.024111
0.094295
0.03692
0.028681
0.221458
0.042503
0.027378
0.025994
0.024706
0.02282
0.028345
0.025285
0.028395
0.024687
0.051932
0.038462
0.024423
0.022433
0.026088
0.129587
0.020417
0.053616
0.022802
0.023057
0.027075
0.027406
0.01845
0.020646
0.026293
0.018725
0.514016
0.025926
0.017639
0.027499
0.027882
0.027221
0.02047
0.019093
0.031318
0.025868
0.016559
0.026153
0.020054
0.025196
0.021375
0.027132
0.025183
0.018886
0.029147
0.018034
0.025317
0.016215
0.022844
0.021697
0.08389
0.019037
0.031723
0.027352
0.028808
0.017373
0.018954
0.026532
0.133156
0.02098
0.017132
0.038498
0.025114
0.031004
0.01608
0.117486
0.030714
0.018789
0.143361
0.02723
0.029345
0.022239
0.032115
0.019689
0.088815
0.02301
0.033044
0.026799
0.064107
0.024493
0.022494
0.034392
0.028745
0.04575
0.031725
0.021796
0.093311
0.02701
0.016054
0.156522
0.022582
0.620743
0.022696
0.539534
0.0267
0.033992
0.029016
0.023973
0.099568
0.03128
0.070991
0.021677
0.028727
0.022201
0.030668
0.027916
0.019324
0.105766
0.016192
0.018209
0.042766
0.209965
0.027549
0.022281
0.018426
0.029381
0.024666
0.066143
0.025289
0.025492
0.028931
0.020425
0.033255
0.017239
0.01676
0.022797
0.022047
0.021612
0.017187
0.025469
0.53977
0.023701
0.022214
0.040705
0.037729
0.018308
0.043976
0.022337
0.023128
0.022808
0.030372
0.020228
0.021677
0.028766
0.029782
0.091887
0.024755
0.016427
0.032316
0.018773
0.018123
0.033202
0.021624
0.104722
0.016625
0.018155
0.020866
0.023622
0.025215
0.020876
0.018514
0.022603
0.027733
0.069125
0.026631
0.019158
0.02464
0.023536
0.016489
0.02221
0.022383
0.032361
0.021162
0.022149
0.083472
0.020492
0.028432
0.020635
0.023406
0.023861
0.022821
0.030883
0.088047
0.02283
0.029419
0.029399
0.034048
0.018608
0.104288
0.024648
0.015839
0.135849
0.025099
0.025283
0.020584
0.017208
0.020342
0.038053
0.026949
0.034255
0.066602
0.036237
0.016892
0.018731
0.023011
0.024463
0.026016
0.023969
0.028254
0.015825
0.02217
0.016079
0.583506
0.022118
0.023316
0.031939
0.024597
0.023265
0.023456
0.020046
0.01557
0.0193
0.027996
0.034445
0.028513
0.046741
0.017289
0.017457
0.029903
0.024568
0.025956
0.032775
0.027654
0.017658
0.020985
0.027203
0.102134
0.032094
0.020549
0.027668
0.025792
0.043321
0.027715
0.020695
0.019307
0.029125
0.022326
0.020163
0.020324
0.023877
0.021016
0.086506
0.02494
0.214146
0.021036
0.028073
0.028461
0.017425
0.034219
0.024035
0.023839
0.018752
0.02606
0.025723
0.026108
0.089294
0.024489
0.045023
0.029638
0.033738
0.022338
0.021533
0.027603
0.02133
0.021558
0.028392
0.024921
0.021537
0.020757
0.017117
0.016324
0.016802
0.046843
0.028206
0.017549
0.031343
0.020601
0.019507
0.030345
0.020021
0.024594
0.022778
0.019065
0.01701
0.037507
0.033555
0.021873
0.058002
0.021219
0.03677
0.031731
0.029046
0.025928
0.028196
0.02587
0.02209
0.02237
0.52393
0.018096
0.025199
0.025092
0.467233
0.081902
0.030532
0.022974
0.019903
0.022039
0.031361
0.024953
0.022288
0.017852
0.140837
0.024094
0.020904
0.022623
0.016691
0.023114
0.023271
0.379941
0.019672
0.020026
0.122879
0.057246
0.016698
0.023837
0.02639
0.015716
0.021968
0.017575
0.017556
0.021582
0.028278
0.016944
0.021481
0.025745
0.022361
0.020863
0.029882
0.017608
0.026034
0.015723
0.023531
0.024725
0.049005
0.029113
0.025903
0.027235
0.047427
0.030526
0.021299
0.120741
0.020319
0.018483
0.031223
0.020873
0.017693
0.024553
0.030978
0.016378
0.02256
0.10243
0.09514
0.030489
0.041116
0.025139
0.024912
0.024638
0.026834
0.017622
0.033235
0.021196
0.024581
0.025071
0.023308
0.035978
0.017363
0.019515
0.025079
0.01983
0.020327
0.03103
0.018177
0.024786
0.027378
0.017226
0.027773
0.038611
0.020514
0.017877
0.023289
0.085558
0.02083
0.021319
0.027605
0.01896
0.025078
0.027825
0.017059
0.020967
0.030825
0.018783
0.017478
0.021966
0.018002
0.0247
0.020399
0.019248
0.019155
0.019004
0.020714
0.022362
0.059576
0.082804
0.023651
0.029107
0.025746
0.038457
0.022243
0.01817
0.027654
0.021891
0.023608
0.039071
0.02866
0.023959
0.130559
0.015996
0.119956
0.017426
0.027332
0.018449
0.016368
0.023489
0.018432
0.018764
0.063724
0.09286
0.017753
0.016218
0.023313
0.019223
0.015529
0.033103
0.016143
0.018914
0.04237
0.023733
0.032259
0.015143
0.092374
