0.45218
0.43428
0.582381
0.540303
0.334653
0.576284
0.474115
0.476245
0.616546
0.556954
0.828293
0.443376
0.453056
0.496903
0.422754
0.470992
0.540771
0.476606
0.491212
0.425579
0.658203
0.404489
0.339006
0.568481
0.607698
0.624531
0.417414
0.479784
0.589158
0.719798
0.687337
0.583398
0.787406
0.387431
0.53661
0.387194
0.48468
0.532089
0.471892
0.487528
0.365366
0.479338
0.366683
0.466824
0.506345
0.465825
0.415736
0.6206
0.454249
0.487897
0.446054
1.036888
0.407641
0.437699
0.557756
0.676937
0.539718
0.328134
0.516184
0.391968
0.60408
0.577054
0.399211
0.529115
0.405143
0.406435
0.433338
0.404673
0.480509
0.518236
0.529043
0.465951
0.42452
0.549974
0.459618
0.587186
0.503812
0.444895
0.442752
0.442303
0.727931
0.560402
0.482418
0.582888
1.079921
0.755652
0.689709
0.487199
0.384118
0.426166
0.479988
0.427172
0.535995
0.662236
0.508693
0.493304
0.32712
0.577039
0.686045
0.593205
0.537312
0.400193
0.465152
0.556463
0.529343
0.46859
0.381191
0.576382
0.573085
0.429066
0.55045
0.333513
0.484501
0.554538
0.344748
0.36652
0.525727
0.598259
0.555059
0.375469
0.542468
0.318455
0.458759
0.437177
2.558028
0.576972
0.476756
0.434104
0.57421
0.461422
0.450222
0.700979
0.404644
0.50792
0.472338
0.474946
0.363645
0.463808
0.749003
0.481466
0.473015
0.517571
0.719187
0.41066
0.594395
0.96043
0.437546
0.595857
0.487002
0.596983
0.476662
0.443366
0.557305
0.458568
0.490972
0.402123
0.49685
0.412076
0.479037
0.406907
0.543593
0.411278
0.509492
0.425982
0.444239
0.455982
0.499613
0.601886
0.365666
0.428137
0.557377
0.456827
0.416188
0.4897
0.460671
0.633825
0.509275
0.520482
0.480469
0.522418
0.518182
0.428423
0.467543
0.378897
0.424681
0.371269
0.35996
0.452847
0.654851
0.491947
0.541404
0.349728
0.466477
0.512335
0.392077
0.368438
0.564683
0.641774
0.483122
0.581805
0.493861
0.526929
0.464656
0.437205
0.646945
0.464124
0.489372
0.519842
0.483745
0.532936
0.494176
0.720224
0.684536
1.034943
0.433763
0.523418
0.540028
0.641617
0.447521
0.467841
0.492861
0.476093
0.475744
0.43161
0.70623
0.400303
0.434461
0.547101
0.443854
0.548635
0.626423
0.430741
0.594992
0.539814
0.484017
0.445545
0.680589
0.411386
0.715854
0.682561
1.109868
1.051489
0.435867
0.51088
0.429668
0.5127
0.53613
0.464272
0.602673
0.49082
0.342473
0.52386
0.454698
0.479499
0.517454
0.576065
0.494997
0.385326
0.421654
0.441599
0.64063
0.661226
0.443636
0.313099
0.492024
0.347717
0.504952
0.408691
0.385404
0.452993
0.463102
0.577548
0.907259
0.466573
0.485575
0.426223
0.4816
0.384475
0.58541
0.505335
0.557213
0.42664
0.698275
0.695775
0.466069
0.552907
0.716345
0.595126
0.39496
0.468204
0.457002
0.589534
0.593579
2.575647
1.412087
0.446671
0.383889
0.527046
0.524601
0.584823
0.351115
0.499484
0.38336
0.473598
0.577068
0.503746
0.532946
0.544417
0.485223
0.420331
0.4585
0.626658
0.518133
0.434632
0.454104
0.468835
0.463803
0.463235
0.38363
0.508752
0.501544
0.46595
0.500054
0.554051
0.460537
0.570264
0.616194
0.411444
0.431644
0.433115
0.460024
0.543395
0.417769
0.473191
0.495654
0.593063
0.40763
0.401074
0.554076
0.608324
0.382514
0.416227
0.606666
0.476676
0.536656
0.760531
0.442541
0.635899
0.42579
0.84481
0.485681
0.47378
0.554261
0.389209
0.459398
0.464917
0.613209
0.50111
0.539783
0.491335
0.453272
0.561163
0.617219
0.50792
0.593592
0.52978
0.503581
0.442643
0.736175
0.583864
0.460341
0.545568
0.505358
0.488306
0.601779
0.525137
0.589613
0.505053
0.44045
0.541621
0.494725
0.368908
0.481968
0.522783
0.441982
0.415622
0.431282
0.874661
0.552606
0.350617
0.416498
0.546901
0.48372
0.524941
0.501543
0.694527
0.403003
0.528329
0.546761
0.413612
0.487917
0.464151
0.62936
0.523668
0.604065
0.48292
0.583202
0.390866
0.683745
0.371663
0.462425
0.44661
0.526339
0.415397
0.5659
0.507827
0.493319
0.524033
0.576105
0.505745
0.447633
0.384347
0.48333
0.490833
0.595849
0.471717
0.411049
0.384518
0.431176
0.424111
0.531985
0.396336
0.666426
0.386071
0.441991
0.371361
0.529566
0.642143
0.647531
0.675544
0.525894
0.42484
0.488187
0.567166
0.469214
0.544108
0.428074
0.442992
0.503021
0.449177
0.496976
0.446741
0.366867
0.528153
0.426519
0.504113
0.526144
0.522291
0.611332
0.428856
0.520538
0.469945
0.449884
0.535976
0.465548
0.683309
0.554065
0.483912
0.529885
0.520761
0.403964
0.437192
0.590348
0.560241
0.41932
0.598742
0.376073
0.433206
0.566932
0.626017
0.550429
0.474105
0.820758
0.707909
0.512412
0.44629
0.365926
0.422122
0.454462
0.44423
0.463071
0.528113
0.463814
0.626356
0.445456
0.510742
0.484675
0.571377
0.501656
0.500415
0.546879
0.498913
0.381594
0.49405
0.530167
0.395439
0.461054
0.457288
0.47045
0.378371
0.463888
0.465896
0.550903
0.488692
0.49539
0.431273
0.44807
0.493554
0.454295
0.30625
0.518207
0.546555
0.629518
0.540399
0.563865
0.495322
0.463454
0.491809
0.419665
0.469425
0.389536
0.435396
0.472372
0.540222
0.484088
0.4074
0.733153
0.555623
0.469863
0.536586
0.642245
0.461968
0.592396
0.475377
0.536444
0.418535
0.494117
0.360777
0.514231
0.49398
0.566009
0.501337
0.423884
0.514873
0.438535
0.532992
0.358944
0.500524
0.417496
0.498649
0.328598
0.500683
0.386829
0.483257
0.654151
0.459185
0.534445
0.454837
0.481018
0.413505
0.409328
0.415183
0.526756
0.386023
0.406928
0.538905
0.586089
0.423925
0.529115
0.952564
0.443375
0.366396
0.841601
0.417178
0.469854
0.384617
0.386296
0.444367
0.424506
0.52678
0.477558
0.464693
0.454689
0.449053
0.545281
0.63721
0.399989
0.488818
0.405702
0.495807
0.530151
0.420799
0.446694
0.421514
0.486363
0.581182
0.457599
0.416676
0.506206
0.522874
0.554216
0.546232
0.538102
0.467683
0.51452
0.475235
0.405555
0.650197
0.497251
0.497626
0.445289
0.428928
0.468247
0.402816
0.497363
0.558019
0.564683
0.415618
0.483916
0.471114
0.587123
1.592947
0.429448
0.438426
0.561999
0.441238
0.50265
0.45778
0.599441
0.543429
0.363618
0.447444
0.361826
0.453482
0.452738
0.474552
0.618419
0.447291
0.47731
0.364992
0.441589
0.466992
0.476211
0.683845
0.676137
0.427375
0.67032
0.395019
0.481586
0.340817
0.571049
0.434075
0.455012
0.393139
0.485201
0.422702
0.461917
0.414961
0.456246
0.468921
1.716253
1.00043
0.53677
0.429116
0.365803
0.391861
0.58527
0.363108
0.519481
0.52552
0.473493
0.423702
0.419804
0.486836
0.404611
1.486598
0.400646
0.457196
0.577539
0.549871
0.374241
0.547928
0.491201
0.472037
0.427296
0.408591
0.446036
0.458461
0.505727
0.400977
0.524091
0.490954
0.45903
0.676721
0.417072
0.515928
0.464539
0.438303
0.407696
0.496099
0.374106
0.474847
0.474891
0.413961
0.565437
0.475559
0.463903
0.441356
0.52158
0.427532
0.526027
0.419959
0.47157
0.487839
0.553055
0.486324
0.602507
0.426984
0.469665
0.473317
0.550378
0.375436
0.517839
0.376232
0.623142
0.458511
0.425205
0.524166
0.449098
0.406348
0.537603
0.591885
0.616441
0.48574
0.478594
0.362785
0.418158
0.661102
0.472617
0.500498
0.347817
0.502287
0.502604
0.545799
0.589048
0.575416
0.492263
0.541981
0.591796
0.443915
0.420631
0.466344
0.570406
0.401028
0.453474
5.62008
0.432926
0.429621
0.479447
0.503931
0.723657
0.440376
0.498479
0.439378
0.622375
0.383788
0.533806
0.405944
0.512683
0.420047
0.49132
0.462367
0.642442
0.462435
0.516039
0.52718
0.408366
0.479276
0.55465
0.527274
0.455666
0.566416
0.420266
0.556506
0.485428
0.460723
0.403411
0.67576
0.365603
0.356719
0.412891
0.483161
0.399662
0.588673
0.693598
0.494433
0.614572
0.532503
0.479461
0.392695
0.494111
0.395169
0.482594
0.483431
0.546736
0.455866
0.526191
0.370128
0.518719
0.449827
0.507319
0.353556
0.501591
0.423817
0.507223
0.545995
0.497121
0.498157
0.394203
0.368688
0.414455
0.541484
0.44269
0.603779
0.504085
0.601402
0.468373
0.55422
0.43649
0.491619
0.629079
0.427756
0.467842
0.414879
0.576562
0.640547
0.410884
0.508407
0.560214
0.448907
0.447307
1.173391
0.544883
0.538039
0.447369
0.384194
0.58215
0.428557
0.453337
0.400163
0.435821
0.462608
0.485289
0.478451
0.469499
0.406236
0.554095
0.46951
0.451289
0.495101
0.509925
0.562046
0.402002
0.532328
0.577314
0.476906
0.475889
0.405412
0.538495
0.459728
0.393838
0.570615
0.372855
0.612936
0.396115
0.461811
0.443838
0.445087
0.503199
0.462186
0.36284
0.424331
0.546633
0.555782
0.46168
0.394437
0.408075
0.415749
0.593567
0.504697
0.44055
0.380877
0.382993
0.607385
0.614801
0.397686
0.565207
0.727578
0.423229
0.474656
0.427849
0.414418
0.44973
0.410833
0.60382
0.59455
0.459716
0.418293
0.654089
0.506655
0.531021
0.457497
0.438562
0.435916
0.527452
0.543831
0.455332
0.466179
0.548941
0.412253
0.421489
0.666208
0.494166
0.618954
0.55585
0.604261
0.464917
0.442109
0.389907
0.413137
0.627744
0.431823
0.597052
0.576818
0.63816
0.436042
0.912345
0.643907
0.46941
0.444035
0.37191
0.507878
0.589445
0.494498
0.501932
0.44586
0.633779
0.36827
0.603125
0.47948
0.402088
0.373798
0.5047
0.394386
0.675513
0.352123
0.462138
0.445582
0.517187
0.452063
0.504401
0.546631
0.567446
0.499656
0.529731
0.427752
0.334143
0.408847
0.473139
0.418735
0.506172
0.410261
0.464411
0.460654
0.557836
0.466421
0.463797
0.592702
0.607087
0.518726
0.408853
0.417127
0.376837
0.384418
0.500654
0.43582
0.426489
0.489671
0.450842
0.549228
