0.265829
0.320367
0.247609
0.370246
0.244751
0.250134
0.307282
0.297995
0.242305
0.238541
0.295151
0.263011
0.309605
0.269731
0.299018
0.269852
0.248745
0.247374
0.342344
0.255149
0.335429
0.252978
0.262096
0.288952
0.243267
0.314765
0.250676
0.258474
1.311612
0.320877
0.258599
0.302887
0.24387
0.261302
0.240759
0.23664
0.267994
0.244967
0.25037
0.294551
0.242363
0.340709
0.251637
0.263662
0.257921
0.280714
0.246368
0.289212
0.257733
0.316997
0.256882
0.252658
0.305391
0.270819
0.254614
0.336947
0.272237
0.262023
0.319298
0.242814
0.269121
0.327406
0.253668
0.313348
0.256678
0.260928
0.252892
0.464562
0.306239
0.324685
0.314587
0.28959
0.274187
0.242245
0.380453
0.298001
0.238199
0.238778
0.359994
0.250728
1.652173
0.243984
0.253798
0.281965
0.305925
0.248754
0.698665
0.351373
0.242925
0.256632
0.238211
0.303511
0.275836
0.264716
0.31045
0.25693
0.246495
0.3762
0.248936
0.255433
0.328097
0.239634
0.25
0.380509
0.271938
3.153693
0.300603
0.245538
0.250164
0.297203
0.256568
0.370738
0.267766
0.305965
0.272726
0.245208
0.305595
0.289716
0.326797
0.276052
0.295015
0.309242
0.253883
0.264619
3.680054
0.472561
0.258084
0.27647
0.274866
0.294429
0.274844
0.321182
0.250202
0.353937
0.306165
1.74139
0.399924
0.244453
0.25871
0.377074
0.26066
0.23999
0.302948
0.236188
0.311295
0.249814
0.305634
0.2918
0.313969
0.25007
0.244333
0.247516
0.362843
0.245043
0.243099
0.244983
0.272773
0.301354
0.274811
0.311591
0.463575
0.443066
0.305133
0.306672
0.272968
0.315494
0.236039
0.278857
0.436584
0.275315
0.238193
0.296884
0.27021
0.272732
0.248378
0.245848
0.555351
0.259023
0.302779
0.287735
0.247862
0.338729
0.261351
0.668639
0.237007
0.377618
0.249682
0.30656
0.335402
0.254029
0.28117
0.332912
0.245391
0.273414
0.253341
0.317985
0.364477
0.261711
0.342167
0.366382
0.288534
0.359779
0.246013
0.280803
0.284927
0.262644
0.247189
0.241011
0.40117
0.245103
0.297014
0.262923
0.271018
0.292773
0.240702
0.237105
0.256957
0.238718
0.273548
0.243496
0.36414
0.376738
0.263622
0.389071
0.340994
0.241226
0.251626
0.240235
0.289235
0.247704
0.242162
0.265891
0.394914
0.2408
0.25085
0.378044
0.248489
0.272638
0.301523
0.252022
0.296104
0.249708
0.371075
0.28223
0.245978
0.351749
0.262327
0.258466
0.311723
0.251496
0.25656
0.342143
0.252618
0.2654
0.346173
0.258206
0.276185
0.245474
0.245471
0.314447
0.274984
0.301034
0.284059
0.260305
0.278635
0.362328
0.291196
0.285155
0.27385
0.251936
0.244073
0.318072
0.367455
0.263558
0.424155
0.248799
0.423928
0.242535
0.243823
0.404395
0.386911
0.247513
0.327583
0.239203
0.334833
0.243769
0.285585
0.287318
0.299649
0.354967
0.274104
0.265469
0.249224
0.3383
0.270219
0.258976
0.264584
0.429496
0.267419
0.299448
0.266464
0.320617
0.296207
0.282531
0.247601
0.29549
0.299526
0.251256
0.245566
0.293683
0.261514
0.298832
0.268888
0.335924
0.334976
0.24073
0.289646
0.312869
0.266189
0.329001
0.25985
0.294058
0.254458
0.320834
0.264364
0.299387
0.407318
0.249809
0.270969
0.243703
0.314977
0.285761
0.248645
0.251895
0.306207
0.239934
0.271408
0.330928
0.250882
0.275238
0.251361
0.255006
0.238808
0.329862
0.282319
0.29464
0.263847
0.273772
0.383476
0.285626
0.269351
0.253365
0.332006
0.25091
0.296996
0.370452
0.274415
0.26734
0.256142
0.3273
0.244237
0.392981
0.268413
0.333259
0.325269
0.251843
0.344966
0.41195
0.245864
0.250406
0.306032
0.321246
0.284983
0.266936
0.271229
0.257874
0.26468
0.360469
0.260418
0.25947
0.254637
0.312314
0.30667
0.248066
0.275616
0.298829
0.328899
0.296382
0.285015
0.250016
0.382633
0.254248
0.259194
0.325402
0.261286
0.282107
0.246467
0.36436
0.309526
0.303914
0.25386
0.266776
0.254033
0.333102
0.248764
0.330348
0.28704
0.304552
0.266508
0.341554
0.244278
0.31451
0.260382
0.325161
0.269007
0.237505
0.290082
0.253238
0.298476
0.265811
0.254409
0.368057
0.26068
0.246032
0.373314
0.241569
0.249555
0.255214
0.300972
0.260828
0.250363
0.257185
0.372582
0.246864
0.436813
0.454022
0.869237
2.335707
0.554538
0.56615
0.304446
1.095558
0.730892
0.701491
1.448073
1.086565
1.025608
1.679694
0.795347
1.90449
2.598709
1.079289
0.61235
1.935381
3.184361
2.304735
1.846155
1.611288
1.252145
0.571957
0.315888
0.266253
0.248887
0.392299
0.257814
0.279246
0.258823
0.340956
0.35035
0.245649
0.269172
0.383319
0.308107
0.263036
0.255474
0.315307
0.289822
0.247868
0.313668
0.266507
0.262503
0.279296
0.330469
0.261654
0.347897
0.25137
0.318345
0.29929
0.246201
0.252257
0.294422
0.291292
0.259608
0.273818
0.329163
0.269401
0.280644
0.294768
0.27334
0.260129
0.262541
0.286392
0.261978
0.316733
0.253623
0.271905
0.293719
0.249178
0.282343
0.321328
0.314834
0.268822
0.303134
0.298639
0.302548
0.261791
0.252284
0.367317
0.263291
0.363109
0.255637
0.333282
0.356527
0.248769
0.332394
0.405302
0.263568
0.335591
0.2658
0.40278
0.29987
0.261995
0.371168
0.240674
0.278839
0.371885
0.241518
0.310254
0.259102
0.341777
0.273167
0.264539
0.342862
0.446038
0.401168
0.251571
0.319747
0.255179
0.287412
0.272195
0.367053
0.375304
0.329152
0.378386
0.270045
0.289988
0.651277
0.353218
0.265379
0.272591
0.357741
0.263159
0.300108
0.239782
0.263064
0.324715
0.263609
0.274096
0.265714
0.245824
0.442445
0.24884
0.240011
0.283584
0.333124
0.248603
0.26166
0.31447
0.243264
0.30769
0.237577
0.282064
0.281602
0.336862
0.339801
0.282495
0.36638
0.254235
0.300939
0.296721
0.2782
0.356134
0.249773
0.285285
0.286723
0.347562
0.284962
0.304449
0.278601
0.588051
0.306009
0.360362
0.3151
0.321033
0.303415
0.23892
0.265892
0.355304
0.261176
0.261265
0.290725
0.241085
0.262255
0.257598
0.354165
0.280019
0.255665
0.282626
0.260517
0.311745
0.295128
0.245827
2.086924
2.35821
1.633024
1.202597
1.410082
3.143647
6.232503
2.302184
1.331389
1.300362
1.220983
1.980102
0.697316
0.261872
0.268114
0.485724
0.27587
0.350577
0.244241
0.315803
0.272593
0.282572
0.317408
0.280388
0.348504
0.258761
0.267519
0.335427
0.309641
0.273719
0.37127
0.259762
0.248
0.273336
0.247565
0.334167
0.242141
0.253108
0.3447
0.25948
0.256913
0.244186
0.255001
0.298506
0.257369
0.275777
0.254024
0.327659
0.275185
0.248593
0.257786
0.255664
0.296656
0.256116
0.329372
0.267714
0.250273
0.365681
0.243158
0.268631
0.262942
0.321574
0.292351
0.254352
0.369977
0.319863
0.256149
0.343145
0.341642
0.246301
0.344364
0.26471
0.273754
0.306652
0.323579
0.287873
0.250755
0.328226
0.272734
0.277703
0.256533
5.373094
0.298691
0.463383
0.267853
0.251563
0.361023
0.25729
0.317494
0.529818
0.28326
0.295811
0.272702
0.283636
0.732041
0.396605
0.445964
0.34997
0.315515
0.445778
0.299823
0.270088
0.284565
0.321693
0.471152
0.325997
0.2744
0.376308
0.531629
0.278644
0.289247
0.285153
0.283857
0.365446
0.273085
0.272285
0.25991
0.261798
0.436175
0.364676
0.2713
0.341989
0.294985
0.279988
0.323248
0.263274
0.245068
0.289976
0.344592
0.252151
0.240569
0.301065
0.251757
0.400984
0.262291
0.281854
0.662642
0.249277
0.315589
0.357781
0.278621
0.305428
0.330842
0.363868
0.256158
0.251895
0.333561
0.343647
0.483366
0.25115
0.33047
0.242661
0.368907
0.268429
0.35827
0.389213
0.315929
0.265027
0.277818
0.248522
0.589689
0.32071
0.308284
0.2578
0.316015
0.321048
0.274705
0.261051
0.354674
0.302234
0.339653
0.27901
0.340543
0.297999
0.293106
0.278994
0.308777
0.277244
0.292139
0.394176
0.292851
0.259376
0.323066
0.253668
0.266066
0.271097
0.327887
0.237756
0.279921
0.306078
0.270856
0.452911
0.619079
0.258933
0.452379
0.287207
0.273994
0.275429
0.500828
0.368633
0.321305
0.323598
0.281979
0.316008
0.319797
0.290716
0.265307
0.256495
0.355362
0.257941
0.388814
0.269045
0.301427
0.293815
0.251021
0.285293
0.350619
0.353724
0.344916
0.357218
0.270097
0.362932
0.243346
0.247036
0.293511
0.304159
0.252103
0.289872
0.244971
0.435142
0.299468
0.257445
0.286159
0.258331
0.281523
0.259651
0.277875
0.309242
0.308142
0.275946
0.28481
0.28087
0.362072
0.346398
0.253714
0.386949
0.298845
0.275744
0.303619
0.271512
0.326362
0.297961
0.273509
0.27309
0.290944
0.284017
0.261324
0.267309
0.253813
0.332066
0.334481
0.248187
0.454767
0.27828
0.257201
0.26148
0.311384
0.311533
0.240763
0.274685
0.311277
0.250118
0.282294
0.331107
0.256897
0.282501
0.298411
0.297689
0.307809
0.302125
0.32192
0.263474
0.240439
0.244996
0.263535
0.246252
0.243289
0.288809
0.261389
0.295134
0.334559
0.255373
0.678802
0.268627
0.248995
0.247928
0.273368
0.251336
0.267028
0.247761
0.248898
0.294722
0.28687
0.261247
0.258689
0.249566
0.292943
0.326962
0.264573
0.331411
0.25651
0.340635
0.245091
0.271844
0.310238
0.247295
0.272703
0.316015
0.250744
0.330182
0.265237
0.300456
0.23881
0.314041
0.297604
0.261153
0.34829
0.253133
0.258847
0.30705
0.249595
0.403075
0.280801
0.252473
0.307807
0.299278
0.266294
0.300857
0.245084
0.265026
0.276277
0.247277
0.360141
0.253922
0.301846
0.260257
0.261105
0.294073
0.264297
0.257866
0.249738
0.397548
0.295549
0.299867
0.348961
0.245923
0.278144
0.275507
0.253726
0.31021
0.298819
0.248335
0.312456
0.249683
0.252859
0.308675
0.260143
0.258404
0.321318
0.246586
0.281292
0.254594
0.2667
0.243835
0.245094
0.297197
0.248671
0.252949
